4940.865886926651
36.39793395996094
33.495391845703125
33.172839879989624
8.397090911865234
8.278106927871704
8.1752610206604
8.181149005889893
8.359076023101807
8.521704196929932
8.615625858306885
8.409810781478882
8.552521228790283
6.29121208190918
6.2826831340789795
6.330913066864014
6.353071928024292
6.3240180015563965
6.299204111099243
6.3972320556640625
6.338892936706543
6.533504009246826
6.431442022323608
6.667460918426514
6.645311117172241
6.5883800983428955
6.454697132110596
6.542607069015503
6.621299982070923
7.173523902893066
6.702027082443237
6.5088889598846436
6.946958065032959
6.609452962875366
6.22908616065979
6.363384962081909
5634.572471857071
