191280.33652704427 88058098984.02998
1.2482711979696481 18045.435319675853
14336.730913208412 18059.95178515456
69.83577116910783 3372.2942248449704
6.136261090317609 8.808504808182853
0.37987882319451927 71.19193244914035
1.0400908177298158 121.87874387424671
10903.263101738661 37518.547106630635
6832.2457322768 1538407547.4774811
26.286292731366835 3106.9608240985813
205.27583319484947 8237363.802876225
65.44578858543464 344846.2100183733
233.82420980502133 36332.00792419799
7107.097309880019 146494476.15174064
209.23620558080972 182615.48217162953
6.902376331659603 147346.16177702212
905.819880957916 28814.474631433877
50648.85835740196 19218505.08194938
40.564995081526014 655374.752670899
275659.4354230966 519403962.9375774
170459.85293422863 71153681.88827546
677.5786174811129 261030.43665049894
9285.246940739917 208651.94696842253
1984.3982511160964 141185011.79835588
15.415386676926447 3046.6089421452725
120125.73759108628 181650367.75064105
3.6094863867093805 25.810472803916802
485.7258901072541 8434572.484455608
109.92086301914152 5284.7391132755465
2.4085104177016925 193666.0897936572
8146.698049265622 42652.80244032961
32.68881915247323 108170.35526675198
85.58872410280983 4264605.577268088
1390.2553989116582 2653.128271757353
0.6455370048764804 239.62788372928114
4.394361291511046 50.25526093590823
10.631737417979537 577.2503886820671
37866.320492091094 447068.91006114305
6759.54631728524 1068999.1724689656
1.0775977239742447 2.3001555716707047
427227.20317796076 19685122.213291038
27380.94832405903 29891.578551841423
448.18562888594863 27716.628023215722
21856.552979629858 9320779613.530787
472.6119453913057 123561384.08343126
591.5908836291071 7938.580960704638
21163.205831856605 1712877956.0924115
38.15699661362681 8635436.124732977
81.667503540631 149946.09527740764
522.8923879048947 531.7438603474504
45.16203079025585 1448.7456205151523
212.2667476265787 5071858.477485184
495.5293019334494 15946866.271213979
0.30706222553012535 0.4114332353255806
24501.560429803954 368499779.8421132
57242.518690000186 72860822.83750904
29.60017104103439 1794.2615048056587
3108.5637075329823 307503.65477157914
26.40378947750802 535.8223421014823
354.6203833309381 25062.82825171599
35256.5269877994 7485451494.278035
97976.65154889268 45275318.43839133
15006.355040793698 79143976.8501225
6.807508947134234 1682887.5765481805
10.492016405354587 45609.55076868701
1086.4996721561183 402456291.45413184
7.609139245933243 1132.072945568984
45934.61812305736 5966301.72505408
3678.4080287739916 2239614.7967311107
0.7119270863597027 62042.79615827258
197.49331635278355 11394.347440451982
0.5726892918636588 8.840827021978226
58.24644893267105 118437.58951465152
1.242997551983309 28.839977416421576
0.9263405997867041 825.5541125454967
3761.299297801145 17589.79269165743
1.9504622467136445 2.180153540829124
2.8675309535271154 61.81198833857158
5.43641514848839 309186.9858861563
296.4904766051609 26155.588724601283
26.57730567464206 61394.13616944466
2387.4641263387184 220354.76663409127
10.418489399449902 8879.318478940311
1338.406982203321 268135.1982190654
0.46929308280047866 214058.65060098746
114.28109218476942 14528.340674069477
98.47608190949802 34147339.48709075
1102.8774342605122 150487504.46055675
859.9073240647499 11574.566202928689
105.53414771017172 127516.04950290715
24.554796823247738 287.95527803177083
3379.232402215818 156233.93175608592
2385.5799061760576 57493257.00524328
19974.26062047417 1707254.8517937495
20044.731642174313 1334003144.623462
0.15984061103594258 563.0296846979071
0.058848288124623706 14374.999889778359
4713.545450434206 4332962.825547758
11.683364118670653 84.98910221004142
12.302164192597996 389.2887820223261
162.82560682400435 8971.866430544687
17.28241510885859 56020.64106719767
22.505395667940164 2494744.3583710883
118435.25927502 4247493747.6475973
30.51873646693074 37.39356564057623
0.023578805967204262 5341.845301331073
56.2045318569053 317902.6386280938
3.912311284641822 96614.95065394428
397.1469237805391 96623394.76898995
206933.39373344957 7074656.870818202
28641.47139368548 126603.35493098713
74.86640250673908 36478.67888773926
35.684084349773016 35381.74361278772
19575.94624422296 10363303.476130968
58070.30539392033 2828573873.679562
2.2596010962967497 1174.001234507207
11425.854941151561 1004882857.0778823
220.1449687565285 26016849.35329085
5.215814324941045 69.55057680210362
2032.6136183385715 63246330.29809434
1056.961238426191 2557.877111153787
8181.000076607481 118668.08176810981
17381.428891412772 110642.55676357269
2575.3153629137996 4417296.055533784
20367.21728370756 206516.6040118105
5630.02237766072 65308.271953229545
22105.916014394737 2115067.5082427366
20146.74182138959 3045077362.0185122
18.507436320459423 846934.2050752813
1.0271793188763796 8135.59763921345
48.95186381578331 41578.14692869022
44.21529115541316 551.9332015803877
2061.1315124246676 182976018.5792171
19320.826603233792 3707101.2049804544
1.960745793006414 1142.7793473504182
4033.74703768646 378649350.27828
28336.917259999536 90215.04946440089
19.895120978182216 1924.207972955008
18901.652253816523 3692709743.7046194
20.65239271582077 257.9737107713118
1032.643985489182 1440.6320617318236
22.000079763092074 107394.63297019183
8.634978994843205 12.413841164912732
4988.246577694544 39550501.4267701
72748.24290061706 10057238.14515693
2.1218824162785146 233988.47929501906
14393.59970437236 998250155.1070124
0.5376632466561763 55.858950047500706
23.626376263301008 46.35515116787055
3.355150672767159 372571.10709745146
4870.69458882103 15458403.23971297
42.650837259411965 30782.613188488234
20.940790608761596 29.91417082672491
381.0018583444218 533.893949781789
3593.002528452863 12834.906869514385
21304.223531286723 65012.28956009711
4334.130064032378 145343.870208937
30.940418493042554 15004.397457613053
83.87228406039713 215879.7333108584
552.7260376090219 274710.52691808296
24.580665749498067 10444.502708516653
1.285997147634189 95621.01883831502
8352.120724412307 20083.574443883736
132.78122766265622 100801.1271591192
10.267617658144541 358818.57166728063
35708.42926417543 24552106.357641716
9387.375282427898 1459596458.8546023
51544.24909757938 1490780.9079529266
2509.090813704729 8072.09544800762
14368.246747930929 325647404.4875784
121.69898700895688 189208.9939151999
0.6871473441611533 31757.381455291055
0.6207633590083361 1427.6523780812786
4697.198127617293 10111346.87191897
45651.91945496367 349163.25798519666
1127.2363106747264 5505.659631583705
277.36585143267223 296133.6901330269
47.66326319400158 27986.95954194303
1973.876311022094 22946450.09864201
32.205611940639734 43284.397719719
0.4447060351689982 0.5593057443392012
1420.4762776039433 218015654.90239957
1590.051774558389 2365621.017226419
15.096572014890256 1203.3210124859725
1118.3592279905927 33576549.16194365
30.47322117191208 144262.0688420375
2925.1008639045085 69395.95775796729
0.6208318929504906 2.3345425917145657
4.216874772782479 541.1593706514819
67.91607606578413 3605382.9215899245
8729.258766028277 22228031.957429852
126.58235345308414 2024.3240309703995
419.2112982099625 4950.213168597048
13.852979644580003 1468210.472936975
1.4475989607652078 12404.070793158582
0.9808469488444539 1150.1767831926488
3430.947115384675 10790.299106179107
6083.447686427871 131542942.2838765
1244.9224013535484 1288756.4683114956
1.0070238980133484 731.9072572766705
0.5162129118178509 772.6215558471495
1.0413104896024237 8524.969274332536
13909.943667576985 17099.961400925145
0.07109227985194001 6363.181347740383
3.0827033400109616 317.364162812591
3.750923237308959 398018.25471069734
2.5476794497483177 15033.16692439557
65.9251744057028 1257490.0597386614
3.056526550461018 7.722604273153288
3384.574465775226 4888.271615633489
46.35238357989433 107.87395154518488
1.2822264470505924 65.4756533442839
12.470571934485655 4039.1520835082556
6.0100327830381115 11.257294696606397
20341.479285241512 87529.45087144559
0.826169083185319 8243.68669071986
649.1351453871989 3178.900882759361
0.8210266537835752 24677.91995562628
1.0169138697273454 48.26975788583632
94.48472287236959 415.82237501408844
57594.64701307829 674793962.5432161
43278.97474359762 129292.5359220912
2609.8559339586554 340657.3287580931
1997.1543412048488 27132.233464570352
48797.56721335332 2215850.8180780644
5.525991718327622 3350.605161406887
12879.768475581364 208317.68376040488
0.7574239670824653 4.795587659011965
13657.643533383822 367179.4391019742
4734.2172993726135 23103.69404663563
1.556154283160458 146.1744788183791
32822.463114526945 2086730.4198520463
813.1648790271619 5072.855721674721
1473.3783573823844 560728.8864728727
23.458279367147746 2195.8457618831308
2.4420883505741524 411.09472259233075
756.1426242882256 7317.336792866392
1709.1984236620708 52102.83302265421
15.041086183341081 2999.5348986717654
1218.003230036949 62279.39534841527
7720.822920620901 88362821.37244977
23512.190299597467 2614706.648317325
1.1613498647341836 115.53180743063477
5.468358629862067 142.9128635641238
32.816690970190216 7451.057934291272
2677.388746193634 18104112.758708887
41.09312723203726 832697.2463022206
2899.872120164206 18426.733476383986
33707.60357335668 149162.33190037738
0.6913131618217018 291.6817847254737
2.1407314549682055 4.975501819134355
667.2233564276127 43760163.4623012
24244.075250059865 32828954.870321393
604.5875980849877 282678.2511615733
2.1183986911780153 789.8416568604563
1.1968131185824533 439.1380130882394
4.599156028586669 13620.205782632607
34880.95565375064 11518633.015053743
46.49840417916361 1278329.6042826357
1836.7909898982286 9139885.473846542
4.941786991631565 11292.544829438166
1.9352425814230452 144.82763300640548
68.46849237927754 34073.62943219445
0.5976877711861928 42353.555194675784
329.896139328072 9564.190671161854
103.12110893882557 8479.553101508776
208.71569618741086 194141.82110164792
1.7078725161284611 694.4593869293994
1.5211723142484945 7744.064563641881
0.7701693166494644 6.162999214108174
85.61858009128093 1581466.8533693678
0.7707877461600245 32.416453978573
4.0247136960574705 136275.46268746402
4.0822693425162075 209.2122668655908
25.00858675263218 1079.0228635962899
0.04826342891845357 585.0320393986102
31993.15512815177 986313.3388530724
7698.42361866293 287558808.5748159
19.30685338704778 124.2403887975506
21601.694000390016 2159021521.081577
0.6011677998228736 1.6345346664148186
324.69348746605306 566.8260067607525
1.1043109214828544 18.051129464376615
2477.7653227373753 9609.495005981793
5.795093942165561 485.03618393265026
21702.53303472102 93629.26442043344
0.8227864855538771 40.001956768973834
0.3942925019331941 625.7499243665526
1.2483348906365566 20.001767497039197
65.93535283971856 1132.636756993912
283.88408985348946 1793301.041985505
0.08079882174231225 6.876662077056987
2.926481714178323 162073.6218032584
931.7695279993592 258524.1815139249
3.6305825463039088 53784.702672688785
397.7694495232971 2461.551466879848
14.310492557513912 834979.625776784
69866.88701448796 4072780.6959258863
1.0941363837272227 19968.313030969177
599.0313025579622 254050.11231996233
150.53724656683187 1422050.8118659104
644.5514790182385 1211584.3880979682
3.098245695059038 27184.02673237871
13082.832601973294 93150.03349826703
3.407598392481911 101.45101297677053
3.5089412204137673 330.8923994744918
32.470572654883135 1488.607583786843
652.9140314956518 22460.354399690048
102.8729811875469 351621.8036452958
1.0252025413433563 286.4814768447311
760.0193563622894 892.5037593703819
5346.552301242664 7772.141814212453
120.21345901435286 68607.67796873504
1031.716894286159 1194129.9179016629
151.1969196777012 8991.871502125032
18513.83029983647 574632547.4582464
475.1282562434382 6897.257979538369
1359.654212166613 8779253.294033822
110.52704299256368 14331.210839301431
6078.394725463632 36542.53062884168
107.9997564513234 2375471.7396773254
1946.1896664125504 10290.274594187687
1.7408932825583365 77.12075119567491
34.35028378306161 53.5182204819346
5725.611287022687 609003.1638717958
2060.7516760222506 1937582.1903443392
116.171650468017 59920.2847457367
45.92015358998132 2000303.1078991464
823.8051773884425 71920.4977386545
261.1345983246948 119644.72748544675
319.42145107966724 18052.3652950545
7241.166328322234 582652.1474154254
369.5069022702249 31535.596903731534
16.59273668822118 85.54614667788071
899.6801534805737 63113.916048657244
6259.751666041243 1895206.4814937948
2921.306361182445 21537670.56648618
130.46719419492706 76578.25594187267
2.3563635294847938 25517.933354552115
538.525168531961 432088.63606555137
11.759825054119952 24.283827666826394
5.540194714861306 28.2556246032233
0.5780280355587764 4.551133351154192
1.1738688704695037 300.1999902711392
8081.46399155223 46669806.52983815
344.80151467724556 104380.95754648757
4.500709017018164 2922.391014227719
37.921786101916645 220.31322670047274
3639.912625541535 10103646.056030212
576.3961227212324 109933.5749202224
0.8247202601965089 31984.076412583196
4821.284009962558 121250224.85158756
52.6425647469307 1729943.4867525927
28395.28781256431 125851192.95958409
73.75038503802318 90.05602973572698
458.8965217632472 200134.524543479
9787.967513079902 14659737.400071228
3.447641786086824 8282.799364803815
674.0318863309997 15444129.335547639
335.98102139100496 315587.0081515171
17.68035901776913 163662.9857959542
68.48763765727101 39481.69708058545
2499.1969147920463 12181408.32290398
78.23670933842625 42131.28252905753
33.428915467812395 2030137.2247096633
9.778016306688066 70.16221630814857
145.1782409416483 54886.81425756649
5.538196103857813 25.810437561480313
0.4434820956312341 587.0023624648054
7044.324196142988 33894.0276389163
2.202241193181732 3269.7616304366875
38080.00773029816 149477.6425021984
17.813113359610554 732032.0923092919
9.109280840133035 2313.7973421094284
22363.3607466016 717704935.7460592
3.0315504735399545 27.29994229038654
6.717208546305583 22.78299717651336
2.3064431232753924 14.507120006533896
8.94402679972833 955.0681409967707
4051.06713833639 33465802.75383772
45.01287809499587 450.9714727614007
3660.1333826317123 19091578.23909147
4028.7940777912963 1262182.1660970198
33326.927090327874 38830951.13248376
1.4315271742050255 14.132105613659721
4729.816417511616 1131207.2155614407
468.29520757444726 14222.987076482541
416.4523178728927 89550.16169781135
11755.153619026236 15883589.882458996
10555.862654260745 62909542.812146425
2936.420215075039 477823.8046467915
2101.3793785897888 141710.26103729164
39484.38586855065 29967466.6241223
2.4889754612436343 570.8908595630121
1.054761577527738 420.4124464807517
3.261534647161176 44713.45191223464
2.6681967691308888 107.09968405834454
32835.39728889116 114429444.06249897
128.65277299443207 158.72718524585764
14000.744099474352 5965826.745302179
6.218689584001609 804.2585395918916
0.7896641669356224 48.74928267750542
4087.5832993409476 133064413.9671155
4089.4096192065617 76740708.51559904
28.365769388474043 236690.27728875677
900.6135237682813 584588.6247023527
441.36531718740326 17182063.973217957
771.356081223054 63876.93412372946
0.5056798006497776 26494.97734009232
790.4025048834882 18433.053870096926
