798043.1146216891 526832789429.0035
544510.548323704 331865182634.3067
558474.466916681 327340396625.15796
102.30549915578331 100229897.30181791
414402.1304486828 404799018036.4579
344578.0419050133 239852248781.7417
615583.2068047125 608485644103.8556
890891.2264787594 508738688129.6293
362450.76213153347 221040948598.069
394610.77990657085 249614013690.1877
482871.22107607743 377803079961.54803
706244.2190633364 493221291770.1428
543686.8533144305 317486277393.79126
88804.82363700043 88334761605.73357
734264.8545356456 556804438782.9922
213251.16079510777 193122966795.42365
222081.72666415595 208547644448.3436
164705.43848320423 125125865118.71037
248962.51568226673 148814696589.77277
369368.6706831856 259745430854.31583
525518.8751638252 336891079082.0913
203378.0207235748 134378274635.34283
374425.59031552507 299821794112.29926
891393.7510042882 933794785753.2463
597173.7679624805 591189656386.5356
554651.2818195734 465436954045.39
483248.795708668 341139317300.74774
562401.9082112703 501445735587.4104
278523.6760106634 219509648965.74365
724411.1103959522 428300118259.61914
19315.972800100677 19596828190.798504
440893.1037358427 238604220022.28088
403598.33948655636 365198915280.3596
253449.07956107717 168398575521.93665
574619.7804227973 326887605004.328
399263.5225116222 268998199053.84235
677556.6788099435 674426777477.381
439165.281927518 286162911709.69135
214033.12829185434 112674729746.6223
316661.7781190039 214730429885.86978
536072.6653251277 407230869609.9584
190381.60612655603 119050605831.7141
111760.12107602705 76395957757.13666
406303.7836947827 218853396554.17963
297744.47022313334 203950968709.8672
215792.49861611953 137351718274.28783
701894.0435211968 530928215337.911
481247.51020783006 476778404330.7198
526602.5064476654 356619681228.2753
69101.34237260817 63536775793.57466
428905.75671366387 228771325739.18066
375517.63670658733 265790077484.84903
112570.50750420424 97328885479.38707
323803.45967595855 173311106004.8844
3292.6479151312174 2111874230.0959742
527161.4912262993 547575143837.05896
326109.6614920831 313035778296.7293
88033.28453034844 48505174715.40182
469432.97917020606 442645234605.2402
192197.4908405213 106983602050.03424
617279.8463307554 454203717942.82526
858554.5155509195 589401894021.2963
329906.8839930881 176213327561.95746
138936.4292543206 99646438479.62463
756434.3208381481 685339032076.3589
565307.3028519646 373807738297.3246
120078.89825448519 115388497847.882
154415.13291578033 139326612483.9407
150434.46754930602 150190400556.71402
388597.9331533948 256122454572.08163
312816.0244434015 209729688469.50537
155595.77462104085 114006629691.02254
451760.35531884304 362192071704.71173
5290.211640764531 2845119845.8705235
106847.8207569988 103518969970.58862
340424.3297845226 227016665491.8883
389728.2343944837 205019973876.26114
451025.406125466 472525659005.18665
418371.5522954266 409266093806.7641
619880.6428837318 353703060679.061
29976.444684111633 28658120967.768757
270863.01876469847 220838126249.967
105013.71752743029 70615616660.94006
475709.4951981319 455268996746.0135
127786.27376024313 75127995916.94453
600239.8746005942 561143579042.5095
295575.66126870195 245186341939.02878
510695.6782834912 288367955014.406
43386.12127870963 38056077126.40383
647209.5611714538 451860986178.0443
664140.5608527766 365612050583.3003
5992.996487649672 4138283331.0462046
99955.84570621139 77531452312.56305
52953.36267941744 34132553277.914806
486465.95053723926 285756198377.85767
476090.8377760519 356942618959.41656
752967.6633510443 397711797866.7807
102613.88393432071 55424046947.741455
100040.9640642743 76533254788.45146
261837.06911077502 170595819950.54727
118598.43002774983 37963356044.75739
163500.61588869776 53870583284.54529
351964.67834109697 128927316758.9374
402074.4345318294 117750502064.38368
185529.11433391992 54183281912.47245
77811.02994676634 23749289800.980286
288032.4361581992 102415057552.03204
237496.11245517162 95299595402.71944
5056.566565257616 2459019395.6285524
250502.21273856531 100343514593.9536
345737.6297060507 116698366410.4607
339046.2542041486 107572537592.07202
233638.90326056944 91011834661.7615
19760.896654207878 5746122501.732874
141533.53368619454 71113507126.47658
441663.66109422175 141016120248.1329
83503.50731561115 23884727689.46577
156876.9609546499 62873578557.73854
359804.428466422 102077503545.98268
376657.817176249 134039007634.56013
329293.7682854878 155806011173.08636
4934.990888815292 1569049922.6685452
4980.846522676043 2390357707.9502044
309761.7270798702 146270481648.03012
284559.73151487147 75168427018.46593
184907.36433533105 59900369036.511116
263211.42651035776 95213432470.5334
11825.706872875815 5179194593.705311
6706.257115595986 1849639328.32922
137067.11652119402 64077338105.1587
209181.31497074364 100099284857.42754
318714.20485190913 108675075136.11258
283051.05687902006 76951213582.56195
114849.63791931872 55294861573.249374
99652.49312498895 28450187888.261368
260480.29299808637 89513290050.09071
353230.4827735295 107530323407.71945
105669.4772202447 51346370564.96711
122162.33081753529 62197039253.95668
423914.2585270762 216154838337.43005
2684.4213386498673 1186436171.0879986
251183.42527013164 80732531851.06718
222717.82387860923 94154106510.5526
281881.9504741434 92642747788.83966
430.4255832003992 114210929.43999831
206775.48545129143 77159962382.15503
113543.435355863 42514567110.41414
156548.8352772287 67634607315.96834
89353.95183959637 38175854084.68898
53736.825103223 18832034169.05991
242121.39499331467 67064950664.51904
85880.41902995136 30023446276.725727
323237.6663382162 89617945330.32153
29423.702832630475 11516256757.60494
66922.52403895654 34102441355.017067
174144.9249426864 48421788257.658745
264054.9066390673 75250008144.98744
367067.09411301726 102807565930.66191
388821.81178316067 117309495581.41507
123532.60540100829 53409877442.75765
280131.3429757802 117771314903.08595
27783.64833856788 14186417340.749435
155831.7142639779 75409869221.08635
118507.49123087166 59970656377.1407
266471.11906493286 112660273680.41019
154000.45628187025 40764493381.0122
203874.84387174196 76821935115.73715
104265.47728424205 34909364581.432236
446905.05018664006 118315911630.53894
268408.00188751495 107763671787.50432
164701.0089358684 73348056398.49294
15171.188220734079 6772511627.34647
236680.53327972486 80206157400.00708
139697.7119023031 71752713339.92096
42502.494225113434 12279056972.731874
139564.4800861441 47159580878.851685
254583.46837595734 119646631340.1064
262212.2700070133 96701574587.10886
28950.200089404207 9384962063.262392
94108.19515145496 26272174079.45252
275043.82100676786 133328318291.6867
237749.85593361937 75657676505.42737
258666.56841899894 101097887663.73418
271537.60287577426 92013144398.46387
268024.44952337694 78485845862.58923
184142.47940120622 68926719380.04189
11806.81822818561 3551163880.65348
407371.7016556702 169121199697.09085
326126.6072807309 107670369947.9603
46640.41375116489 14282003639.437208
113048.59882128386 34902957906.90959
46421.312463928065 13720969532.397633
300559.4417246164 150955245235.9323
194726.7446703466 57602141177.506905
135959.95621299764 40285148983.15
151879.48431773097 48152810467.72642
276179.0108919203 89342700006.8023
106053.17982802929 50751533776.528946
127261.15565064434 45440458726.06852
25439.25111626042 9996044398.86818
14697.770253050638 2925145692.1660614
84197.59630694179 17724660583.011253
112426.77014978722 23519465809.32962
50389.11116988296 9444546385.930895
56472.19228141202 7651530681.772983
167590.26076412818 23005494586.582466
77858.28598977198 11026260029.335905
131676.46725836102 28648791929.969658
97667.48211174023 15882460401.14185
154373.7866416377 29741751934.91074
59581.71667728571 14425538708.952785
71685.62909055245 10776521483.61036
11697.751881464179 2161916465.5935893
116501.606007342 18052563855.840275
77470.55220296429 14912562581.51975
134077.14430419967 27235757499.752583
232450.1406362495 53606109374.84229
57631.10879021159 10139822869.974407
73356.65358750462 13996253296.307995
51875.31825667149 9429701656.44561
127570.28071886329 33238118110.671333
32508.404116223923 7204368281.289329
79023.09774029728 12653591160.963213
36984.14131941899 7753772452.022418
155904.58796792183 32679142171.81792
196069.11266677192 46000134566.81154
115062.54538957504 20825673730.628193
57657.54393601149 11851508123.302713
116639.8710860955 26511178216.558105
83430.78908042728 16647929781.475676
40853.7045068992 6436033934.992282
191846.8141155109 36439522641.80273
131890.30302269096 23729732282.79524
139175.61987859374 22149351877.954205
174982.67584590474 31158296934.458405
217133.87077568736 29670494688.09838
118933.390364195 17231550067.027107
77153.96871481476 10112966988.676975
10362.407867678145 1612448968.589899
138497.06825337457 29684225961.211582
188593.16812572995 34191125843.4296
148604.8549175475 34072017808.40852
74632.71760940876 15261069858.41397
186245.22684692935 38459599682.86905
7548.7745700846235 1337951808.56332
163876.788748021 38856414122.23314
80928.03293642511 13075402759.122536
70830.00657260697 15542441745.332458
136456.11269428435 20569345211.016735
43696.87338676827 9825672377.675934
11700.677387241323 2748918793.440844
157450.12523352736 24736831406.086006
53955.842693676124 11182953417.450748
81723.81887040361 10864650209.680798
107821.99331553462 18215490287.826405
56419.974786600134 8959810753.104948
43638.97945610938 5918434384.018787
637.2191164819641 94723758.63798273
213759.5638065518 37467585015.02765
46559.710017919235 8954631177.346556
129556.7884656975 25217794704.67821
160191.17266686502 30662296026.673424
78560.70075591466 17028454302.809742
238028.2079272055 46408852315.111206
37764.15518873432 8526230972.55379
102772.04666383933 23380400020.09445
10585.49392207734 2167165477.6933594
60203.891606747995 11745571172.28985
140379.14317971288 36325546915.74778
53857.16564516339 11533279406.427696
75744.8329940045 14688745344.791574
154098.74638758478 27908140205.42327
111967.17338565025 19093500810.296814
10729.6402775727 1823834712.9498525
151571.34048666756 20195823016.22334
53369.70629001708 10596268984.065516
97797.21877109246 20920428113.478653
72439.30953189055 13681901608.705845
88710.57782051161 21726568703.833733
189057.31841246327 24997343902.461666
4468.249920576334 854389982.0212182
12416.486982697861 2515591097.286196
139067.5943144293 25779969706.260555
2961.1540131723536 561654345.1081367
33561.911730965934 6740589908.857501
47746.82268382192 6554123431.4698925
45100.10851304198 6913544776.29532
69737.23343163678 12134163467.15046
89327.20001668831 11911755573.84977
3852.8654822049957 684872913.5287114
64511.441435137225 9167597706.333685
66721.05441310773 12203508021.725897
8010.045021411625 2081836487.648226
81415.21649044994 13841128859.671968
64605.157013874654 9338765006.50556
11010.437518349401 2440461740.1709595
86845.35748820537 13158653974.953957
9434.195453290082 1733943620.9893599
129605.40433054748 18241017048.477737
21513.687848831534 2875491620.1911397
69969.8828004804 7415938576.939196
11061.719012883354 782140043.6393614
32987.23761738541 3874077681.1019783
93678.12490756082 7260563732.817209
20189.01515384079 1742857632.2935982
49031.56319748509 6165027949.588272
37379.6738145039 4814431484.779929
53495.7857714352 3755759959.539757
9101.327765218108 1076044429.6854887
9461.677195324315 666088885.7409569
97879.28055921727 7928143688.165261
24986.32430244124 2292849377.94166
15935.553873912488 1091070883.056174
24925.69757574979 1721120612.8137395
172.4944118746943 14199337.385105886
55139.96926694467 5168686854.308002
42668.61475977143 2901137120.7124805
66075.87010361938 6406257753.223614
66814.89276950112 4635780595.978566
18724.72784625633 2130839000.7726429
55035.562396621106 6474211587.877708
34619.40624571898 2728918920.419992
688.037822660899 71860819.230861
94781.0815220864 7793285060.669232
19525.52705530182 1867838566.7680695
73996.10432308477 8226674020.063909
30142.8753298326 2175799939.1212425
40840.662338755596 4870286155.390812
67618.1737676343 6463630554.636545
23418.511397365768 2173360810.5795264
16829.334500936133 1503044992.2338762
47761.29716598499 3737657740.5207906
85691.61226700796 9256357018.475878
22310.994091293654 1520771653.8888783
58410.85856811601 5070008093.509065
71863.70913102097 7504296530.745612
107862.22468203209 9515226443.674326
71692.7714338143 4776409480.376036
8807.51902701538 765131180.6421012
78811.68754384581 5441127243.301884
22695.040059261373 1920766569.4684691
31759.675961941284 4054906899.3817725
81866.55761681532 5902836384.004417
63850.13807518324 5831756310.663176
103050.79374901515 11805578647.686468
53110.41465593993 3578434600.5047817
61390.3577752419 5154842619.990258
3045.817132764413 240156657.16987306
83800.55643188664 10846322776.389204
59932.85698157229 5116212673.996099
122495.20495130746 10152124793.333618
111217.32896933792 13407811569.41503
88748.39015337116 7889339251.222696
90561.15874408951 7628912964.244048
63614.201372819916 4794903086.440999
51931.1066147814 5731971843.035815
25867.325946279383 1723691028.5943875
56055.44699174561 4099869104.19317
36467.36599994264 2931117536.726341
7800.008109824501 550282781.1957684
8757.542279652567 727783181.0525974
49294.78118365105 4426755364.707292
52365.60789458064 3683168054.4370046
61939.65871410364 5086705987.293796
74229.81798372915 6356081835.351385
35154.90888615219 4565712963.412386
61721.806427086085 7779164073.484684
44860.230461231695 4884741211.3833475
106911.64263656382 10760911138.775183
19500.899025648312 2490953781.545721
18444.302185756405 1782044510.3971705
11988.42530077498 913973910.0993581
12663.685137928389 866353224.0675362
6752.963349572185 502619447.87232554
16641.864261241273 1689855428.7396529
13504.419540661327 1636858732.6849568
23899.79222105046 1685608734.8609338
52070.35144674455 3873766281.7973504
85815.7224760977 7089816188.20324
34137.82348266449 4348616830.684559
20448.764892380364 1860938280.0278444
31223.199048611856 3479786137.2808127
58013.05547971814 4129613783.488004
64838.81975251326 5938462317.113753
36659.10411698896 3389797940.8851047
23632.91965980922 1585628301.1924338
33888.9491080572 2282293720.417718
1819.0116628971266 137912721.3904477
39655.408228653294 2897856900.777686
67993.63922120382 6652741824.152013
43793.05946826056 5704102830.006511
21181.239133387087 2509036725.1986113
42468.45621031391 3252530219.0397434
62992.90140137692 6292270073.075265
101250.2414710177 8114714050.59498
61262.465144965296 5784765791.252156
78549.99816513323 6186502184.112574
81891.10065543164 7237577630.285745
36408.52312454468 4598503478.732832
88505.37161192045 10947842029.91697
