123.5108621933025 5790.102426557842
39962.45908557512 3891407939.3301687
28.26589885107132 1274310.8764456005
3997.715541018485 1116827912.4634514
2786.8366900020137 618180.3949724063
247786.33913383537 3575177.5054318453
22.529064452115602 2796.3229640535774
42.3642479874559 671.2088785406706
7104.579951957698 14137238.334629413
3.0532311442854723 736364.2469776758
8.684204271952295 239.58409598558782
0.9992187075667351 31.04589812768651
49125.53161045469 186098489.7480442
24102.186496027545 60847.36687865179
60.52107744828136 1232.0572658934163
55739.31135981183 80619162.2618596
0.022176210104993585 1436.3300449304172
10573.122148598775 381514068.3374813
23801.878741422053 43916959.72643904
2781.706577878452 946203849.2988763
1.4360532423141223 21213.7877415945
10.762464519093026 214405.2620417736
11.98311138286914 180877.86680954922
2.1865782624349954 2.397737963779177
147.39252178247258 3564012.9715855396
455.74620604487785 3937318.8266021735
166162.71198278014 103427176.1876128
22842.065661929748 27510.56764512421
956.6589106916438 1047130.215689115
3.404722301211157 43.10384779724597
191.35623016049144 7778541.259848929
26649.56613093721 2130318748.3999429
11.774547635617068 1636547.510136094
69634.59915436717 32486540.65713776
13313.933492601325 1255443.3355303342
182.10704847850715 47246215.16632757
5.199999560000187 2383902.811833507
57.53956374434938 189.33051143106465
13037.680738413577 4040551639.483784
0.20274259058066346 6227.083385788783
29.585632645571128 2950940.7303541005
8.861279917479454 2744292.3741518212
2541.608539831691 1399522.2572700216
9.289030522686865 339111.80974644824
1.0678854672336966 573.5599846238476
12984.455571797318 17965.77394525365
81480.52892941747 7244992.713340114
75335.63866299042 244211195.59007114
3.957106916819763 10.517992420774112
0.5182953460593467 2.0709923884213515
0.29240269344529674 98.94804387010724
22238.857417601634 2391447633.8018837
5.578926269895051 6920.144212478541
2855.026319830484 116104.8675074384
1749.4893683141627 442852112.30347216
293.3390292334955 93620033.79376918
19.353914281594456 132502.2072545269
2683.6192785264166 10469848.109568816
110.27105002854785 1052.6129902557202
57.77533277473312 254310.55714486007
131939.1664175167 2574412.8940417487
388.63493740990174 186830244.38853636
47.5993968981028 4166.216392543825
976.9229331134252 6707080.167418908
2231.3267260345083 467110.1909730008
3022.0108484636994 54295048.79486808
9084.325400668775 6253565.6462089
302178.4070643302 420080.94749504095
639.8366858698157 117117.89848479172
1271.9662149890023 120671776.36231674
21.502996443736798 33.30872124424947
134900.2327421353 7205110239.024246
15.991918925147202 16093.64002218841
15672.406667993844 22827.759085960515
504.7607052775071 3172332.4350868063
13924.171012200193 183803786.82174
99112.41878776472 670522245.941687
6775.894224839482 545809.1701183155
30102.091019663876 2429446047.2936783
23.673394149976435 500595.45003598614
0.7413540742916488 4293.661434786842
23343.302039322745 104733414.53378096
80.30505108836718 5044587.261601316
466.77079716185943 63429569.92833887
1613.725216529827 103937.45467651084
125692.11203631833 235910372.2780344
0.39684092078259214 44688.44261433898
37983.1186605641 7519937848.769943
59.566639531306954 505.17497332890525
25.751364845710583 1331251.4430371907
8584.220752213218 244631392.1837856
1583.9332186300562 4276.889861337762
672.742268235129 15883472.084113806
7.374867249555549 15043.901801729495
468.15645982127296 553.00529778189
137553.2424391337 4495682.822780133
602.875612857233 1111395.9654072672
1.7838990232255583 3381.9870021108445
22192.376095822136 3535442169.339784
4.168172636793511 16.306287926631306
183.90905818148696 462558.8862109021
728558.2471346904 13252115965.975216
2890.1094126955086 43989.976179682795
193.50032798776286 11183932.162834361
2.6401739379859133 10.956837757287742
923.9109465204284 241350.81962271506
0.1165667141448258 0.17549785426942455
3.110601408240857 10.876161279706661
448957.7392915688 3889693.4669093764
252712.37686832753 247491761.48379946
240301.3330028958 126070555721.14377
4.80163489835106 10.765253319228218
6654.154010504749 150704845.1516131
253.4193707489613 6554.613330949135
31.16522939489589 69161.54198535063
134882.4544483553 153335.97578678766
193199.30514971216 205949355.1045509
114545.73870282625 1169797179.3108153
0.12546510102670777 35253.732114399136
1.1055011854811387 54.4416048565959
277.64395769333316 44100450.94143944
14.308185340518547 44842.69362400849
1767.0550543992051 856411254.5799321
19.528008426027494 4205.2113543878595
5341.671405835704 112695150.17815231
784.0948986058844 11651.232486499643
1064.2663467079567 227311.96978789126
352136.9122292357 305793107.81592906
55.0118379434094 13076408.824223146
5962.239751230163 4883771936.377796
3004.448787499281 578598009.0215713
2.4205463971995727 177.56117375591683
19070.072010764623 37829778.96491402
157.19216841954272 5532189.605916896
107.91248761732446 212.0785870838558
20.89069024841077 83237.26374270208
9808.334179455007 7190182792.242468
0.0630590772386861 25211.624105387185
50.014580497730165 1116.716381234692
19631.806700347624 10733847.40077316
993.2835242366327 2666.4485116795636
67.69821128629407 434.68994895676894
2586.3829045344332 329098.90828098316
8536.5490762066 11684050.248009898
26037.113275933014 4211118.311510662
10081.987276928614 33433.378094694854
0.06828082728748515 16770.58929499357
0.21088521849197722 1.1203827413724619
6790.93100810013 2281985.8896458144
406.7715566343885 2871730.9933392885
6.7845685421867445 359423.55823730124
5.255256069496839 103629.09501952531
91.4228130911264 590.3372898634756
34532.232023292534 82331372.98354548
985.4896013451391 892468.0913681133
6314.9794222797345 31270.644233926992
608.1684548615727 120127800.99506034
51.6064945892655 876219.5149146239
3057.485468440316 41300.26101594186
57293.515625996726 15205855.32369328
1.2253906892171023 6680.0209001764015
10.46746192164345 99.90900726139712
865.1574254716514 4325712.06058434
178.67903395050487 29752.1134804388
1.8264611045197736 70016.23588773543
12807.263743894855 2045906887.0700083
1003.1275730558132 426839.4268138614
1995.395714350464 869958.0798232026
31.187748062887625 599.7320011289512
1.5636902860561002 18.2233470648341
29.253187316005885 200.3819463031148
43.51982780704062 1157569.1341056651
633.0455749261748 540150638.1808995
4429.184550492016 1010739479.7563404
11675.357320966554 8789387625.624086
75.48146148271634 25922.031786855732
5.366558246537819 4816296.855935273
3.6943605286162784 586.2164364333846
128.0178995586242 385.71167528340436
336.72482711029573 177565604.7229865
27.274178442654648 3587.4230813359795
382.8122715133927 5299.0562950269405
476.7746344808693 842.565554837718
390047.05908285035 3681533061.190796
127857.96805450198 2734339.5833289144
703.0256598411567 2903.8071601603874
1089.781206755097 448625.7026449751
98.71260667487832 244.20952577661092
34.14458478965719 19215472.276676897
70763.341231882 49659189006.8402
7003.702775958172 12807.182697627375
91595.13633793192 46746260.90209606
27.8339590603266 4432214.745889488
34.53090520290324 2642.3458767563675
27.32493008950236 306045.00248053187
33.408414133456766 1365686.6905212495
1484.8844807395512 228039.56825545104
104.0296419556873 193.57636608700378
1.0642271763730775 6.264772398590463
24.26638569195648 443.6798382428595
1.5405649192116198 5.9963197807245345
309.23224150076976 797.1093157058548
1181.9746077451568 5732535.354444825
4.164178616597275 4454.665940123845
22.5384053216388 845.1867314385263
291.95361758189944 420970.02150097233
2743.0074801537535 14680.415614049654
8111.517101195456 480139937.6222017
612.4157989807912 62705942.27016412
202311.89157592074 314139.5739275702
2.3496572680153793 84466.96317986485
968.4602144230964 4140425.0323355533
1433.5402551017921 28074913.116612453
6.274299493896273 266.75694965944206
2.0449355523425887 218731.84699868687
159405.6812614466 122472900206.97116
252.9549224042886 17984730.97944732
43986.757650384745 384827.1943465381
966.2281532594557 259796199.33132786
3083.562400115719 1499791.7461595524
59.45184839612624 18535.343832816834
269.46647871070945 52007306.08777748
178330.41485067166 895238945.0932956
1529.654125215325 80931.13289290045
1.2274426168275208 14.272952997312135
15905.235684686471 282512055.531619
69.21274103894541 2153.2989815903843
4528.5769940066875 56789037.317050286
34.64487512399831 77362.55740093719
7802.474635228028 1312740794.6517775
108.43088782922958 3400802.3518884764
11.716266028239707 508712.0834283832
1011.7407066414216 40566074.33736672
96308.78343464472 572125.342369398
25.166000155217834 1300.6108047813836
44.047737657575254 4726366.008970663
62321.815945335904 17258771.52878535
5.307410973629102 80490.84073595476
2.229053455608747 4174.99159900292
62293.742175959815 35239397.811395496
1.3359527007102259 1636.4760190176635
705.3214266373594 9765.91989407903
0.41067389138055443 5.150553577133253
18.576413827242444 5362.121049394023
7280.937637229951 74330.22464190194
2162.1076789318086 117043482.11092092
134.01663327232126 169525.37509920108
156.5979364575749 8990.22670237935
359.128791076626 279118.29219667515
0.05617854586044764 50.180916620048464
205.49696819989913 91238318.23827823
26974.0273171071 149962.45386279456
662314.9070741383 3118515946.2614408
64.02676398393085 5674693.643266112
1765.4912584297701 1076808939.7055411
21620.667254550914 1910658.2616161373
10904.490330892675 3988181356.111496
33.30805838624205 50.39229121263792
4.121565568328297 3638.4425314293835
8.94637267014926 3612334.958409907
7.0975920247189475 419.37616399389634
49.61258158532278 5034.472295014046
107376.0643084968 71177908705.14403
19688.187692600906 23772720.214251496
838.0220734355618 12806263.27529945
1371.9292571284002 561413984.1508237
0.9792270798629146 316.5949943551189
31346.818254523874 124442.83996209716
93244.99666455199 15871451331.330353
42800.70278712911 14541813404.210962
700.7314486348604 18756.763012380427
1146.2191225066636 48287297.39569241
10.575927729806436 8270739.379626273
3621.06719056832 1215922.0720333816
158.34842548006532 131071.54020762707
1.2424614814078514 5952.5415851046
5926.944307422738 993328463.6123966
39.03420939767396 84.73433464643956
332095.8074290643 14423405.84792433
1192.8499334095875 374638675.83411825
315855.4410859758 167510016745.48132
703.6415498854266 6022.149818137105
36946.21049726133 199629325.94322184
8.258386895770963 6193.248267446441
0.7232830641912144 46.17569432037895
32688.431214845332 159347.31972624094
9737.998532688272 946633011.3026992
2.175735025252595 5422.677138980766
429408.8654182619 975406942.0076264
0.6826949700935089 11.033050357396815
2318.2565016996814 7132.666502412113
45.13031098360732 14319011.615447458
2.196899863605832 881.9688262637029
36.561545024873865 93883.88535085607
2.0524617162226226 25187.026830526527
0.9689270125271926 8.341102930426919
418.30412799002835 10581211.857503721
0.31635273050837376 158464.23779539854
32143.505417667187 60960035.49233339
63354.96858767027 33894991746.84543
1844.8069703040098 31739.451812693558
6.741095624538579 299048.28037346975
117.41298120796021 2559.227378167638
6031.363233546464 2296770.6180895115
73224.99868337615 10194933.938841093
562.9803720647478 168280.0277895002
3103.3084121217 40484.87533134677
64.77342846768377 422.55900012635453
10554.91052273468 6768172.124374887
10.890642725566607 4229.0265963331985
62.960710438832606 301611.78065555135
10.64062696404809 17782.543050021854
8.678031921427557 37930.09764042383
1057.4618053672127 354092373.5058017
46639.82846556094 15115684.145635342
3.2058026363257146 37.617841489815795
23685.74126882173 3699760.282806035
187.44476034078596 45407807.60944903
56445.91787586507 3077184.4223739365
6315.586169982383 1004187.8484638066
26956.71124761952 10202987095.156084
59.250357168766456 966.9224611609892
5429.151518955673 5561089.062518133
574.5438296682964 2757.7765601895835
1.3561949565533442 1021.3653686408089
0.5919021502598188 588562.4973652422
2691.119864662219 4271045.032739796
14.62590632273735 528791.3906510381
45.612836589178784 11819.970129788167
1084.9849614902398 4480782.075448699
2.044345351274803 86318.13097106395
228.91915922356677 162910753.483644
146.87554638027126 1288.2832877292913
431.19378748924805 1704712.123903262
51115.438700683146 17491922451.249065
1520.486160903972 2467.2572224026176
146.080955923531 2658.355405731133
79.9374793316735 648020.8374762051
1233.627440886724 16493.190579407375
0.8254536093782919 5.350541397204803
115.01829048792801 11005.976304986032
1864.3372418349081 865779723.5604383
48.49330938726991 1142.119780722608
926.5508912193749 459814343.8258857
607938.8886936893 106245360304.36128
17.494325936713977 348166.16028210975
62.29363527283924 4355782.914580899
111920.51397862023 42471439.09973381
1591.5747394626417 66322.610162159
18810.193417574796 1244754.0723112558
260.180630452133 21121.973750067347
2272.9823921367874 54525873.76877128
1257.8357434588129 13632.56198717954
246.37752004612665 114471.02379787657
2.9198301651651706 2370.677783004417
1.9054254023567267 35060.772449119
7752.683077338615 54525.296616766376
40.34684131713697 4187.623660265007
296.2311578689198 731.971800976004
635.4094594613042 20684313.836112782
6.039434413101255 1212.3697855286348
1233.6176100044372 15572064.464005016
5.526294399740765 1133.165053113934
780.7926873378303 1589.4462820370768
20596.485572180874 5197764.179052712
1.830859826822659 6.580293540092791
2.7282666597261307 29.140556749512598
674.4268826625678 26463.732772349267
0.235459117200078 1.8291066274726602
4058.223765267401 11189417.19724202
401.50630788635925 167931945.3822254
7.1159852566621895 1076483.9962088603
65.21897636207962 29036241.836111326
9.140119459664907 36.56261915163773
113061.55346772232 763310.5834548279
9348.699648861468 3380366200.453219
14.464759465404693 241.81575194944762
3954.5279066748053 1011330976.4090538
67109.23866852772 696716.1171338783
9.424827032856665 246616.0770188794
17847.949559531204 277870175.2278117
53.63511561794742 37526.82348221669
29.976874941874012 2258276.9889305336
294.6538714964332 12796196.972842313
2.146986693497195 3312.6943531307224
731.8755945484185 93138.97290151697
290.8670663495456 2285.161632107335
17860.1447467415 390441948.75174904
10.687516284315294 513527.73627214954
1163.9544486335005 497165555.78811675
4830.829480558303 1833078.8571059713
2.205287881368492 2091.6326970917917
4.018206460704813 4.038570645713228
1616.983131863513 55809209.0163767
554.7405964064155 276917716.6359791
123532.92579989617 11876425529.583876
0.6843151141982585 134955.66600004124
16042.076586436226 5289235.341403248
2.3331691804363186 77000.78330549157
1.2795107795456124 56.93140259596634
168.38762554869447 4175963.780195268
6.337431914522888 19631.790858452463
311.3402382634868 75541.65483953255
10.259921067155792 391.59356353612304
0.3868189352233522 23.9477443925022
15925.93784576211 160351.4485280938
7.927763242392928 1733415.2883309457
1.6429002272048312 581543.5662398514
0.5429831288000707 96.57804902991329
0.26242173330964413 0.2785524526860847
55.326596189904656 118.96312031674641
16.73822812067071 355.9014019826901
12.452741747832562 2512550.3828662075
0.2175034900976596 1.0177375415462604
2724.7466094985903 1280004159.1204576
2116.5709673258157 3043605.4273686917
25.282356656134624 7423551.330051205
2.8654458878775544 11149.22031364371
27529.10860820948 1756560352.2444904
37815.06344169927 22620808432.780453
3002.2647067169055 1732857.9831737347
317490.6195112439 3309616477.8152804
93249.40281631288 11489696.366128528
50.52123392288635 18256297.378895853
639253.0226074674 10571399.53398681
625.0537990457259 113671.01796623773
0.5151271082347296 10.201376618790395
0.7730460429420156 134.8269200196764
3.498303241245397 41.32630944379696
32.291495532749025 482082.28226287325
9033.916184332216 144683246.38768968
146.33765666478627 4782639.226269507
0.0653795256264328 1782.7305503719526
271137.5226998283 265919931785.32178
24.42044625232065 1305299.325275988
10610.799287774327 214573582.22108436
6595.8447025498235 427191756.7775038
8274.578749832077 899142120.7594881
0.2780951135311299 12.716340236868463
536.9252069465035 12955.741278185653
434.72366606669294 444636.2476203145
7.502641529976534 1283.2984351389127
14347.086781006403 244491420.62022036
4456.6820356812605 36012631.908060275
1.212949997667277 393879.05470436654
10.857964892589687 5397297.30864507
5.840259938071549 344326.12430783827
0.05836598248827247 47059.03661820267
5659.309530651826 12682.282411622447
16.51662081855542 1510309.6191027437
1916.417411925622 29128.20132828597
11.00152007240611 25295.50299863855
587.7034446139425 6508.755696959813
2080.5463796978106 24132.400413710293
0.4597162137284019 28.083289986032955
29.110874174266023 2307084.3686682563
0.42883394993520596 6.23602346844579
2.961074408852881 21.529245154540707
457.06299761105976 2739930.3877116092
5448.223530131128 321774964.3671712
1469.349907480241 73379.02925090468
175450.92068769925 3566297658.8999934
0.8986098234418213 7.450064818097922
0.13046256225101174 32437.85571750133
9.169427686354208 170883.56721856687
0.10317903909626436 135.07033002982988
6278.648579726585 5648150404.643643
1891.9696834061738 11202.301603591732
133232.0468708874 1397720058.332214
1315.2958121657211 206249.51794172378
628.9198492629212 4520329.779124303
384.6550379572105 3192794.3247698103
6.6045018118506045 13019.924023490285
18.031771965670575 334448.72639207117
35785.42619420535 123356.5287651258
1233.330138326096 4379777.72788162
206.74692371677529 26621037.149051636
2334.0289502219716 61536441.12207426
0.4569297087084344 13.98040594917973
1.10342583174138 1154.4007238953614
6617.760774057703 754920761.6613531
2859.2243087314678 998942803.2891011
238.62643609172952 599.4147293502787
0.06395113916369402 380.5352298701832
4145.239852493901 85107.88335489934
83669.86458123998 14285416.106955167
1.9795028907747985 7.645789346230155
7.273380839106069 4463.976904134193
11.978389525946605 89.16423218229062
0.9259798197190308 3.8032982112808895
278.95689702595075 25784311.610087354
2.177833341351895 1094599.4865336998
9006.766458695314 22079.366443552182
332654.00265880924 6115010.940854654
166786.80691060034 15760780.135097219
1519.4428647369787 119113674.07833646
217298.61128569048 22459045209.728985
4777.568157748734 410328.1762297661
779.7352329462984 10853.657966494427
6101.884560586759 5526134708.025818
11.550950687436785 61.96120886532354
80.901337194763 1801604.8798159927
14.834316733794116 322400.21088964224
32748.32822694796 4433984991.882662
219.45872887606308 19815.290126265914
0.12683070271609412 1144.4802369487973
303.082766924928 34699332.97081247
0.4998763788824914 3.167087773149245
30.05058152035832 8192829.367719235
532180.3129262918 2232061.7326630424
27.929255555292603 3026061.129137461
11573.72398051006 26587146.483572282
82417.97301581732 103350.91503474493
0.367267762592954 0.4095065177392998
1.1440440259673037 58.939895432298115
1.4422429730143327 65788.2026055502
13231.338372958618 1508679.3968176513
486251.56122571736 6687192333.088468
8192.17827763222 72472.02122618191
420165.77376166324 913261192.297945
13459.625741791422 676685780.151563
29.76340726681913 313.391997694376
22.186871478947076 43.934005272048424
31348.40787021464 442673453.3518043
130.73272236391395 6962987.401277592
101.36963033060945 99199942.01873678
30802.0291836348 218877.36796607022
2.688760571563094 587.1896776484259
31.259417257941937 839399.858364376
110.90626920848372 7068.583990317433
6.799907390091304 1434455.6860080038
22.923170465082727 969347.0519300138
0.9733587063384642 10.551369097981414
2232.420733070477 53259032.62690547
273894.5007463511 65131465.60139073
219.1560345593021 937.465615890988
10934.040013593036 49124937.27011954
106808.65720844838 6598344103.337592
6.645136310561724 1709801.1687995463
25.50709880002023 19804.461973483292
1729.9351560491216 426721.63011351915
158352.66567828832 69827964.8725984
143.0599908655434 3182.018605918974
12.017353799411648 425.31667601060064
4.662741668976035 2756588.254162076
67.89389771698166 9209.122745716271
4099.171181818274 2634108478.135789
2.1238284107901255 1747.7576893475407
1663.1034890125125 211679244.2406427
69.48379758868515 388.15675394522077
1114.0974961176798 963488.0275659845
4.3508108933319845 201584.1339252407
5.456120263507785 4483340.215559333
32353.52421356481 58373.53651417423
14937.481959918188 36030944.3924439
37923.97303187944 10757308.95764429
0.4803790424250882 84018.86431680941
0.5030083302052599 64.28804072252741
48.0442579895737 120.16208951421564
81.20437753706446 16050.184439441662
25311.112286951244 80141.20218552118
0.6625104021119139 4501.293208380233
212.15884067196203 103262471.79397091
0.008591242914058767 70.44132325174883
21361.3397503565 15117405411.00605
11.606932981582503 155352.85310860557
187.38180267672823 2622.8274616664175
648.5077267229899 742002.1241715762
673341.0781504693 1018095223.080717
76995.53075064982 20613498652.795406
6911.596365023465 397026327.57243514
6.340544669982059 2108.3325960972033
1539.0321268378573 245703157.7242747
6682.741871620751 1183624196.8206067
642819.9436855015 64385183742.50676
2.845166251032037 62167.97490865453
14417.431382101691 36833.84481277485
3.1995034267085893 31211.321162939472
482.57182669177274 214802.98521529185
509.9477287967931 46428560.92728719
8.164163121824835 2141362.7603122066
204238.70809156203 918037676.9582949
11.71522682556952 14983.211222950193
0.5058709044787413 79.76227045617145
161.22986084962383 689909.8315243584
0.148056246656666 720.1386786672463
133.77639884143045 814584.9135651917
3.7642107237861056 1650.213138614256
16433.78843832203 9197059255.732954
72022.46341300258 158671.5740389976
10.977123055985512 368.1253483073238
3686.030575702681 40559.537236549615
134.60689925717747 152216.50398631505
5395.434624903098 17060797.225737978
943.4947048084155 164062349.22792506
11006.316455471415 24378372.070611566
71425.64211167608 42095360625.95066
9.505446917502171 24005.533732077223
651.74675479233 1110.9109270997376
375.6691951577063 44530031.99060654
2278.6055691907004 39031036.71437798
634.5662528051276 56324.98880035384
26742.932165830898 28246973.000801858
5.1950342038821695 1449.8804678019346
43979.93016266399 17517453697.97496
7133.933722211334 275590.3480536796
69.2908424744989 22899.429349426406
3.63804393866184 129.1654366638317
76.4428098853741 345433.70022252045
1795.6376900301552 22849674.95670064
430764.98029336234 15489404.47664728
73.94614116791418 145378.89418463423
0.40134649659440313 0.8687224155676843
26469.923392020573 99343.50560557222
26.949606424001143 3617113.328898682
133920.79434451263 2844651655.847766
0.2417655865761005 1648.7803610074336
0.07822016881504458 3.579038636809228
172070.42299515495 50842268531.216194
45919.761519266656 105977381.08808027
27.852135601172765 28064707.985003628
1.8864457080090737 292018.87224451406
8.221182980381126 138829.83203209136
426839.0479774228 12595938618.386526
691.5941180504001 23154576.669948876
360.62832454601136 2919.8975264072496
107356.76003109316 189239.77833436834
6582.168295947633 151993792.35365614
777.2872935271163 28837046.37172334
22.62129624477682 199.36591131516374
547389.2394722985 1102618.4892514504
49.261460347587935 1484.0711769640588
141001.87184525473 149407.54296016172
1202.2874776708811 5742260.105276355
840.0976516482875 460193.671721077
589.5878698232896 3624185.12318777
29.4303513240189 1279901.7636302283
214.1816471173271 3167673.3438852127
1609.5690550403876 472613714.3747674
0.455947660184283 2.888103870609564
2187.6452699277993 819153416.4283823
109512.38511858179 399308.23086232814
2.8072965197694932 76914.40064432814
0.7784291210371144 100416.1282575567
879.0523828142312 505340690.429581
794.9759983792208 535904.5121561819
230.0972421892942 43340065.95299528
6690.984873713635 519719395.30647546
95.83998655558032 3336449.9819753724
1095.1457307831188 20000724.525801763
450.62962922327404 57353.08648584105
6241.899782157683 224905574.63919753
35469.43015463005 1391006.403600993
316510.4741633515 3565233.4649691633
2947.9399161268475 7217767.050185559
574.510992983611 820633.1078302022
43439.80347736728 249643.85085651226
394.64076666550534 19042980.105190847
1908.3861425318605 294554.42321265285
3.104001515459125 599172.2272329495
706702.4227515004 21000908938.529667
216.9916885337404 5643.814466497766
0.4071322619290672 389930.5140569195
71264.94426519725 1141628.5271271488
341506.481364357 4555676.207156733
15894.962111030667 297109.7278647467
12.075437441552213 2805566.823995637
509.1045543906225 118916.94543129976
75061.95989438456 1844143144.8024802
35375.64572409865 18289777106.46462
1429.2091083564346 2629.8438480713467
90213.80293818198 11221128145.968042
29.988002748607485 980262.8280972483
28158.772125364536 20791161.511092804
577455.5288103021 1298677717.4079506
53983.881494814734 7071447405.782425
30.947534505274888 413.3719476307519
64.36465075099836 142288.71680566523
23.198583161859503 184.34533944768313
1.8550040753908354 14233.625262321977
75.83490388819584 7861.253864160487
21.125377444796722 5923.625315604711
68402.76924727455 1045845.9995078017
13.077141260634761 43.967415285416585
46062.08767068603 2389605.3641895195
4054.460912131526 7386.84655966773
86094.81000548386 38267642.13874736
249860.1699404201 1906039.0162293015
39.352433742662065 38696.1273704325
831.4056088157114 2503.9144011866533
77387.23334307042 38630865621.39358
2809.2362942236637 158881139.88325766
56.52872109927834 1511.4287067922182
3.2039860661748567 331.1393845095128
5714.716777780029 31218674.694933634
39.05673173668325 359664.5847331892
531.2108037285977 645.3452404165689
10.674431978291034 99989.06259084701
353390.1495088198 2157625.1496200114
18.27114600687658 8197438.868353389
24163.22314139486 12721135.725952247
25648.102062003545 334114.6808198443
87.89406828109131 489.0290009287329
0.48990123697550514 0.8607365269826762
75518.59698212122 16938654.547059976
4.4684803062535305 4129969.742187053
578.960774258225 6514172.611039217
9.657589946892882 81.86604953506524
390.8179175777321 358110.7057509131
7318.105183936781 66464533.52593409
521721.5610813726 84092040362.507
11870.410176473879 25818.958392083245
27.352507301531105 61256.14892729045
6.987351810182413 1131616.826311196
20659.574690155776 33709201.551605396
39977.284765423596 1902887213.95872
0.5031090924409699 1286.934965870521
15753.207918198364 1419059.5820434326
1029.3858489144009 113513287.69662835
5753.325734552443 1470359.7914856786
1104.5954597089642 1947275.840633947
14.18099184071085 20992.985755052454
89.82131523191448 233.97989125374644
433.2430717102771 117193254.21580914
0.23643382301434393 224845.28696736024
13212.62656756219 40301331.66285329
0.0019841411085998613 5.760505816854776
6972.869485610858 1009728.1559454595
79.60496745811594 1614005.926531712
58841.26340505157 8013363540.888184
1.2588778821814424 77203.8738783537
0.6478016290462243 347181.5364531099
251.005497367784 280.3626804091076
352.4036697109169 110084385.86427645
0.9571874084945668 470.38349388248764
1.7407508426057263 35.622682006012504
9.267816783295356 320.05978605655577
46657.010307315824 1435660.3814680446
93.46252647846293 394347.4716930465
132.05966390577572 6455.590633881884
97.70379117197652 5461.334085746305
0.9866513499191354 443.4658751904451
98.90728577237914 537.7479485149195
9796.204755498089 2232609713.6060534
3449.7550359917373 101117090.81193265
81.35376015295819 201908.9467571263
403130.69703587034 436899.01356130984
136.4232982876112 14898703.122168427
915215.326877386 51612847803.591484
0.6003889384946178 247.6281498043316
157.90475281815552 87782338.74188456
25421.768250497 8344507.616230559
0.4929093507023481 4490.131134252251
1310.2104285728483 2407826.5101627726
1.6888387671106808 195215.058930007
86053.70512176717 719707629.9119626
9.770540957605752 539.3438285229199
494.79183472934 90779802.5383753
3.4146423335784086 1908.1862608015463
4816.373444575362 2286633.9215303957
97618.35403041959 293256784.6825498
69.90292729604316 52344190.950445555
189876.73606841825 5447777.400297766
5863.827206992851 1658088.6937076724
958867.8645095972 208821120.66590172
1629.3235993286314 857836879.9570248
3388.4251692727867 10384.57680598079
5740.635527308591 417092257.1594151
0.8868225822704879 4.536942708185927
9.34631257600342 52208.28092199081
1.3726190397885207 5.493497479089953
44.44725225609466 7602.05855656265
87298.37484189631 78202448.89672318
59190.39250992965 1567400701.6223633
29.44081994929735 37.976840344173404
5220.695015042323 35959.04333156861
195.8536693796348 163409.62886740643
91.05603640919807 3488.614881681035
450096.3751083908 733335730.6148355
56.434139259169186 396.7730868886349
43.97222848216609 13072.337455846278
1.603668731901726 446.35127435890473
52282.233350477065 6021805.448396711
3224.0116517118495 3369087925.45594
134.41376859370592 45524389.67353632
3.1883583587549706 15.12282816536713
25.826125890771756 152572.76692073996
11552.860523417228 6079798.324842451
17.404021692059906 39980.458648476524
2.9975923664359203 3.2725627215009667
36.39534261479707 1844.4741384661706
6.090004269337865 318.03962629214436
5.4135575299363135 544669.7839789363
0.3383112142491943 654.4168627723657
6057.417078044053 27260953.21673437
1.7679029738779533 66.97075990684316
153.5364844809378 110019.05239535404
59887.235046872534 523493957.5396757
71717.83691701281 274063.6650455506
0.4558413083039691 1.2648249319114273
32.577971149931656 136021.85325089545
3716.3765948152623 288980329.7761631
37475.16321743115 584748908.4320351
5518.519545376198 15656079.912403509
0.46069431924980203 1223.967732206587
2185.4829740890855 17709.651620253193
3498.5282400917854 5559.950125973659
17.65721487832075 588319.221431214
461.9221057375994 332442.05925332976
551.323608888997 422216.13288697397
159.8785312170415 786.8211757030073
637093.163645264 136058781.5503471
8.153891416088976 4642.265130642899
10627.196226225267 271885574.973225
0.7344756894359229 497.90057137070664
84351.52716429644 82724138.8109297
0.7403535059653316 214.12287890184115
13088.143812670687 2122471240.546081
45.49502600601145 2690.7595519376546
5.214811315420664 251107.1017298632
170.68487430812561 769.6773838707494
0.34606690016132235 1119.4864183282157
4.148118956652763 17038.385774158447
205471.7316607838 4270053534.610342
15.294401489266976 34207.23755966036
94.1862020689872 42751111.125277676
1030.9824477669943 17470186.134461116
23.569882217703338 237324.81338930043
160.15514412673218 238.56196733524075
4.20730283834029 339.611744815501
11568.57054234392 32263474.973380417
1518.600866643424 1616.826350822365
0.010970112667432202 0.03164154681460475
111157.87037679474 5306467548.322208
235.19060084008652 748983.0310414763
39.52596948643392 102.8345627642792
2.2548475797383616 319.63823543928163
336.08556316631507 8331949.933529345
139.10342957422475 585117.5628799133
1322.720601344086 28435.377915879446
41816.30522289455 301222.5649182551
0.9852434825706733 696352.9601788587
65974.96963474744 4273202407.231298
1073.6002408742318 713478450.7059985
4955.319409699225 4681778020.847931
27043.610827001306 61709444.430318624
18369.833885699354 188339335.78267303
18155.007815663674 207888.29368750355
1506.612851665642 183294011.43555537
68.9579236419249 37488764.3249597
655.8016133200364 10592797.253684059
27966.95103664288 691540.3717362878
0.9029245013267814 135080.65912959055
110358.88298041493 31723066.87350064
20.706870666678345 8309.609564483355
2.3193282773034745 31.278010300469813
480.0410549618386 403440943.9005554
42.90735174419309 34952.10021762538
64.5810080024258 2093698.358940493
5225.813703708968 212976499.60942957
1.9360232951279013 369293.4012584398
15162.536510478221 318358672.55728394
35.07044106317141 29775270.158346493
1.0434807548934133 2.8506376214130302
1.523461946660534 20.113439382360546
5546.2109953789595 1494847.143309662
533.4368658422627 972326.7684545976
20913.772015145812 191961.31432134943
0.35819954865149284 2.8452871162158964
17.594048654916893 511.84613468226206
10487.3013614318 57969.78518142739
529.594564264907 20624164.926857807
844.6758370412686 114128858.59746459
2615.8957467791374 1834936663.3943934
101023.57360384273 279070.09152137936
26.424018874909176 29060.1048337051
0.9085431721087585 168.09016258298018
0.07418375459696595 0.36832929629843214
758.7496113052059 177816389.67186764
85163.05657019874 97505.77944885628
2.6738426476247015 135.4985777346369
27068.083243334615 33539.876422500456
66391.78235742309 14609265645.154083
39897.26342182188 213751977.73594394
3.768822736480352 96.31434621587397
20.840054555647807 32.17535823087028
0.1293592266321438 0.354370808794723
49.06664857770279 27788681.055111047
3467.9444764649747 60297989.00540808
27.724775673127393 33101.8276742093
0.08811358840856974 279.9243376645224
72424.50006296173 4577641892.410993
5.482716313951176 163785.82147308963
428.5997018520711 15593.283408616937
91.37389649549102 370939.4632463935
7.837016056625105 40.40189409882349
7.708348928045632 23.90019095855961
1.6881154573375694 153972.54425618512
27073.131984589552 3380313256.549003
432.2378011910752 38056.440219103744
61.888105186721425 580.0289354246512
29943.90138496196 167584.70594475602
197.99356956448887 5641107.226408802
1.8117323218558854 495164.6310550988
5893.509972905004 8400095.07216459
382471.32740123296 155231871951.65552
342877.0042642254 7305643420.7692795
595.0159076675506 96149862.90489244
806.0615393952445 122589.43636733237
15.029914113258199 292258.54041954916
4859.647925017911 602740892.8868726
57735.4842901636 451066405.1530479
2.8429332955854942 62901.004128848006
8139.69225310517 18655417.621152773
6813.4533795842535 1994545756.5698545
22.38886654702778 424584.29793805495
6295.32090660264 8473.495061291089
4226.810754853293 1136033.5107071986
47983.44293032819 170613.01416595775
6.023025954750609 6.913122441817985
2848.984118293447 102223344.48920822
262931.1754077882 2988025551.2205386
0.9556648154619528 634.1333855322812
0.8770559410624171 98450.75426363936
47505.0662437027 1329973.4942847386
206.22318583463422 262772.8177542895
40.0887955261326 40058895.33872095
3687.478867288994 1398959.5456156116
359.473441435897 1326646.945456429
22686.22027216161 5066884281.298933
0.7916075870654841 531210.8473300575
4308.751660371195 8933559.25429729
1310.3711488792333 2466.1250011596635
198.21400525232661 12710916.129348505
3912.3181811776035 5889442.210876133
90100.48271778955 29459624223.157516
20.217587026762747 557800.3820301514
2.982420186428925 247.33847238007144
119919.44643832042 23336450955.726505
14703.271609858395 15170418751.047306
18400.667328807744 107117948.77986357
560797.2244247464 38931528022.277176
42079.00308239599 1844615254.1949177
1.8907919964022417 69.7982432667576
433.5417176578235 217274573.0075997
30.771541895907443 580918.6250591003
1648.4831750280814 156177.42287421224
15770.229008510065 42406.27162852385
13.27940141844774 21.27047339890762
215.86201124433666 212545.6209713509
88.35800832575683 3854775.056359321
1.8160235706042749 370868.8961820061
10.207927055846836 3164442.7162234825
1.8237173812364613 200230.87719751112
69.95280764632209 7145919.381067162
368245.83514371514 4876870.75447278
3.0383372797319965 1081820.5001523113
177.15911418361765 2799.450805997411
35.49512038818518 30536473.261317164
98.15091705593619 25537.82410828174
13.719716560189989 130782.57819358491
4013.7888507910457 6650621.513078071
4.2483257793351346 193849.07760081522
1153.9917707724885 69491582.80231489
476013.8620946657 3817245.3803202207
8.343901739366029 26491.16679842845
46.956731625109 11421506.563779024
0.9217998231373289 62.19910548346205
38313.21586236927 1391288.7055047674
376.49392691299994 247394.57023583323
26.166897166004485 81694.03004133498
6.3136814822505505 82162.86943210811
1.767220454401121 37223.2622465936
6774.470454876713 31885906.491626687
3.7597036295969266 997.2568788131385
27.852252054304813 2457.443509830363
79.9630994866165 2440167.584133135
480.17899556360055 7929797.709103253
43509.259418121364 39968420.73294176
4.840690799414841 126.83204189130214
4990.456025668388 150230179.5307724
365643.90198804263 14416092696.59066
6645.268111132072 12246202.968602631
12658.707105580297 2862474.0081358426
98.73491214321955 453.3975774596706
49044.70893333967 390596662.97042984
2747.8778118125438 2456448.950402916
3.678715763694992 54121.84621906669
49929.20971028023 13606072263.936024
3336.5410801303815 501307867.94662124
0.17371142918274227 20.339203180932916
72.84692906854629 7651464.15240131
787.3034134755169 17639.562132202165
134674.3701550498 61450246624.824326
76.69607171439549 1169.8473680604022
46.0674312770314 111165.62750624906
8.169276573089231 1420648.7929606964
20.08083547650414 2884596.719861201
193.74446192596537 10937186.385699002
4085.2515418382077 4958460.582798857
564503.315331573 591924628377.1195
526936.6609233527 552533136164.3655
930565.7556324457 975768917778.0474
701826.9934469583 735918941480.6377
606535.8092204082 635998892689.0988
480540.2976522808 503883023151.03796
109094.05727684649 114393410203.12659
767118.050087327 804381576488.369
738016.610201545 773866505058.6952
883932.6642644731 926870577363.7842
