549247.5349959846 548982764245.95764
859839.8537685411 521929756483.02637
360715.4038726853 242574091721.14703
161806.18251916525 96593637289.3586
462666.034428916 299617793287.62616
76345.76936098923 77093027814.78404
771474.6592329728 772806737797.1991
460167.4102898244 402361027824.77576
687652.2296547048 679392376640.8202
515247.7082548372 538237695790.3624
68271.96122084971 45335728074.340225
66617.58962208776 55724640508.077095
905819.3107843569 570601364894.0244
6236.806466841991 4495321455.0157385
565667.7273033933 340049341602.32764
617547.694718859 520852607403.8733
413501.57299076696 290573814106.4562
475667.34265568876 313551275507.2648
777392.0254045178 509501951925.3746
23730.44366555802 15641773364.472103
197456.8243369442 150788444582.88828
444351.405885024 332895603197.8652
249612.29069488053 140690841723.26404
844533.2317813239 649066962296.8271
442756.3065537276 233254061908.99124
202346.55042788145 110364452127.16707
250942.15628697095 195378439609.611
407565.7775055842 280476198795.9616
119814.25190881462 79623914225.28767
768080.4436972693 489910946845.7042
803398.6952248964 626207474080.4293
14449.36172265609 9120860385.323542
495689.81507953926 406643360594.78015
87686.16848189886 71349811812.14413
669468.7873862574 474457835602.12634
472936.13347169355 279036372811.92535
470900.82697216223 288748444136.2721
521420.35023624153 401757263090.94244
214308.06830544898 155089885107.33304
162720.0666996835 89361793814.1703
145124.22280551583 123447708150.81256
210956.45424187914 141914645799.047
517298.4638927966 518922968243.47217
173677.96041112335 140043639566.66516
509861.423248586 433678282570.53076
236382.74299622292 203575653736.3519
343623.9701603404 210756350376.02304
49178.636058912016 50085542562.97878
8192.866624352831 6230021905.456264
454325.86063935613 244391892193.1453
329389.4910853667 337195635117.27203
500676.3742279173 265528309948.2749
103198.65745794926 75403856475.41412
690701.3717678523 462521847430.328
60684.43580558243 51328936219.39842
2650.479796539717 1707626937.3322942
591057.815719842 508531137894.3549
446038.04381720064 290820882972.45514
929862.8567427058 492295043944.0637
533091.6674825064 427038914172.8362
319962.7828630868 173507655728.17746
372573.91790687246 233129058144.4961
799623.3211138089 822284725059.6323
358340.40859802044 326001319816.4105
239280.48687634434 139485777125.58472
235615.0991170183 189290598411.5266
292992.602982427 232269318732.40997
481154.66219921294 364687250815.59924
323834.17852181353 265408085499.69202
90870.12240294782 89560423285.18756
629788.9207965111 363670673445.4364
824654.7366544531 630074470333.7616
137503.35849487246 106489945865.83858
244877.93650376578 145920809623.9928
267253.38656484586 179579752779.55893
163255.47218923736 117685697537.65205
308587.15141040704 230962749336.86368
559242.0385850285 349875147408.2887
64248.13956007332 45454748254.180435
558742.7024979959 552206345418.6462
645139.6239073445 560167530031.4226
141648.76090854517 139078328124.5223
89138.98374507093 65124854334.469574
233851.8465863492 124557681413.51208
503176.2982704126 429545862196.3137
245120.03090772568 159495551265.46912
71451.71165253925 46759440576.608406
597.3418550294006 313874323.1188815
19516.68560475972 12401425847.356718
741743.6300138768 501337328085.0708
242855.12820192298 204851774920.73462
517399.4571949005 320746665670.7241
456067.4808080054 373478907808.83405
418047.15802225313 261474666054.76477
559540.4898400155 543303990880.0572
346486.32757997746 293225066701.0768
563913.8086712963 427787831482.7986
456918.2899123422 369993182032.7277
3239.0458075631227 2208207665.9521093
570405.3561988396 366867187318.14233
458735.5588876164 481019097396.14124
497422.64549956156 521585447927.34827
817924.7728121269 857656286576.2488
394826.93282821216 414006045917.2754
689477.9084942542 722969987377.2711
748001.1465588136 784336050254.0546
829693.8837270712 869997093822.9974
435990.0160804803 457168667101.6057
915384.9690400831 959850709296.1742
146376.28762617102 153486662173.8999
146925.2162946188 154062255601.3462
1039348.2293621792 1089835608951.6764
459967.8565669592 482311255167.5558
1013463.5726284024 1062693579132.3997
583353.5925611587 611690576673.4095
425798.0346691682 446481600001.2577
578273.4657042729 606363677574.3236
84799.92074778571 88919161698.03015
936600.6153399304 982096926830.6829
849102.4668436392 890348468273.0358
992208.2596892754 1040405768111.9417
252700.4377724966 264975614237.7334
185935.19430641748 194967182305.04602
268090.7796750554 281113557388.5509
134852.45325439458 141403046023.68005
888303.8049799332 931454050610.6384
537964.2182300569 564096368094.8002
464592.9753221094 487161043691.3562
931073.6730550096 976301507797.3297
859558.6538396232 901312575008.5367
406277.8170264793 426013168266.35754
560597.9988531128 587829607245.4016
694560.0240023353 728298971728.2727
702597.7356049999 736727123209.7484
443636.36013452604 465186439964.4208
662127.5568482473 694291065049.7078
533428.2263688553 559340035892.9489
90563.90636939078 94963138685.1903
197119.94034093537 206695238562.93665
343888.7705882337 360593511508.32776
41420.41834442364 43432456585.92236
250075.34595846816 262223005963.7467
9429.717071776278 9887775008.254883
654013.4415302023 685782798465.9734
1047072.3755449393 1097934963259.4103
43899.15889804298 46031604440.67432
811861.4197854982 851298400112.9985
347222.8384373154 364089535037.24646
349532.4575167707 366511346173.10535
264224.3232352085 277059283960.682
804390.2848033214 843464347277.9275
843090.881730516 884044864401.4575
54990.34165621956 57661552492.512085
523492.7044811504 548921886094.02673
850558.7174401806 891875457698.5548
123431.92274156935 129427751820.66382
746592.6442603364 782859128547.9265
408976.9544696079 428843419009.9236
1033261.5719682035 1083453286088.131
614316.2005367079 644157224293.979
707179.4989465927 741531450287.4224
465357.71061744844 487962926768.4016
370727.1794379606 388735622906.339
566829.6924924495 594364011634.9628
139813.32696983835 146604899140.72522
240848.5120399698 252547969360.82336
985662.5055960778 1033542047467.9128
593233.0189166863 622049906043.5833
499652.7586851636 523923891091.0541
685208.425911446 718493110408.5204
917397.2322254827 961960720178.0677
86414.77348803007 90612457524.98462
877154.7346566491 919763403047.3304
711059.9780989707 745600427595.1063
237206.29447701247 248728827437.52783
318670.42239462864 334150156832.8701
630455.9095566313 661080935819.2543
978840.4554206424 1026388609383.1555
317609.9505755382 333038171534.69556
237764.91759128578 249314586228.20007
1025756.5573141758 1075583707842.2692
345771.56301301776 362567762457.9381
541483.2823221375 567786374244.2177
396591.085411745 415855893976.70593
344129.1867068284 360845606080.2993
289172.16225011135 303218989203.57275
232924.78227766394 244239336501.58374
912940.1890475263 957287171670.699
408984.6177547667 428851454546.82227
567354.0532949772 594913843787.834
218247.23715301207 228848814944.9568
793239.1725222386 831771558566.6788
414428.5477626007 434559828898.7168
672288.0719215856 704945137303.2485
393184.2183452045 412283534935.54114
612832.0527304226 642600982523.8556
1048319.176697584 1099242329024.8458
281228.5986778431 294889559087.218
823639.0857596241 863648177989.4836
168146.7383644645 176314634327.2567
480491.5410149024 503831898111.2423
1042093.8698726277 1092714621695.5604
637531.9688617972 668500721781.2279
352239.30606497463 369349682596.38684
702669.6155351616 736802494779.3976
495518.27871689585 519588574623.8478
47471.47983812133 49777454442.737915
125918.39206707198 132035003880.12207
340018.21706937766 356534941981.73975
841353.0491024319 882222614815.6316
212904.43644737347 223246482352.2411
1047521.0859764279 1098405470248.8188
430663.72712284524 451583648331.5646
943802.9475491312 989649119529.2778
39123.738506301306 41024213227.9834
947841.905597136 993884274003.4225
783761.2844841308 821833272639.2319
902636.0002631015 946482446611.882
685777.7567270211 719090097037.7928
878836.590622245 921526956848.3112
452606.73412986787 474592558846.9603
784454.8224045202 822560499857.6422
289402.2358264765 303460238833.9834
633615.348039565 664393847185.9349
404776.61828456924 424439047294.3605
887179.6122029662 930275249045.3375
242442.07513825153 254218941380.16724
267060.6832646326 280033423014.8954
490344.0322915022 514162984004.09424
394234.74210293253 413385088935.3246
677517.9080225747 710429017922.6793
515128.8524247935 540151751560.1803
348433.34027920244 365358838216.605
85488.14846934075 89640820769.38745
206926.88987955148 216978570482.34058
722294.6736140811 757380859679.5587
258425.86743631493 270979162372.90137
449377.14648676733 471206090754.50854
301301.09282135346 315937094706.2435
982942.9203235024 1030690355621.1368
594047.0156998127 622903443534.4468
1003129.4012409127 1051857415035.5913
927649.5259505479 972711029323.1217
610762.1724664062 640430555756.1344
820200.8249417696 860042900214.141
95297.24754579423 99926406642.57874
580690.3804855874 608897996408.0553
145548.83806693542 152619018424.87488
682529.0586740485 715683590228.1991
452785.61623315595 474780130327.2977
102374.74049820099 107347695892.6416
90645.9448499044 95049162266.93335
32675.66067097592 34262913563.729248
523891.8704485288 549340441947.4365
499527.31479938666 523792353643.08167
218029.23292734253 228620220946.02112
169024.70335321222 177235247343.29785
337864.0052585746 354276087178.01514
22602.20358622831 23700128227.632935
587309.0752308832 615838200869.2986
48375.89939498692 50725807083.9978
449417.4934999967 471248397664.25256
903174.6296515194 947047240461.4716
424604.3912457089 445229974154.8605
594869.3224786703 623765694687.3942
356117.2021405406 373415951351.7195
769279.212579525 806647719609.788
864136.5235870187 906112819356.7817
3079.294873679639 3228874701.463501
668431.3182485672 700901037963.8096
380485.27820680616 398967731080.98
1016010.5974488913 1065364328230.5686
628539.2265369629 659071148005.2224
731754.0089855976 767299691726.082
885455.6816480133 928467576839.7472
467040.5141297751 489727474144.14307
603244.9225483664 632548147906.0758
958709.439481704 1005279709213.9673
214830.93813272356 225266565783.45874
71282.36618810182 74744978408.05505
1006067.6130115403 1054938353381.1888
395546.60302846134 414760674817.1719
14935.547204002622 15661056344.984253
626151.7169046135 656567662704.972
826585.0243230602 866737218464.5771
553431.2344278432 580314710071.4102
943368.9055704437 989193993527.4336
864003.8988014356 905973752189.6141
363317.48075686954 380965990702.11523
409446.2367437284 429335497139.79175
80377.30800018238 84281716113.59924
152391.1714736165 159793725019.1189
919527.7459981445 964194725787.7504
37608.82981334557 39435716330.35864
207510.2838746775 217590303424.17383
375325.52070575906 393557333199.562
96078.66198925208 100745779074.04199
626497.4590892756 656930199661.9962
751568.8565437638 788077065319.2336
699457.3126840579 733434151104.9987
338269.43917940254 354701215456.9812
1021382.0009945866 1070996653074.8997
621114.8288042926 651286102728.2899
304561.33699843276 319355708504.4686
644683.7494769925 675999907291.5869
95814.43557383935 100468717596.27417
450388.35575137264 472266420520.3513
791959.1248371478 830429331285.237
853853.7588168837 895330559005.1726
301765.25442401355 316423803422.9144
813714.777719401 853241786761.8987
657025.781480365 688941465841.5552
302569.655335997 317267278913.5984
407503.48232140637 427298371478.651
655935.0537680612 687797754939.8986
81789.54193461419 85762550723.63
411309.7793464445 431289563187.9774
34325.74221284501 35993149466.57617
899785.4949383849 943493475140.5118
379630.4325198077 398071360409.8899
245796.20155569026 257735997842.45947
404512.5389986894 424162140093.0897
104339.6774081384 109408081577.91614
119458.72298284352 125261549910.45813
138039.10443763167 144744491974.79407
89645.31367857032 93999924435.82056
194805.87080380437 204268760783.96997
47211.324616945 49504661921.53772
584755.0777641421 613160140421.613
485690.1579932909 509283043107.973
104527.15284203517 109604663818.48987
136985.56026673247 143639770842.24927
783013.8064403695 821049485102.0168
38346.235631367774 40208942373.397095
823723.0244096739 863736194043.3982
167415.53509092063 175547912123.4972
524011.34695766715 549465722147.4828
94272.72514933778 98852117046.19202
1039992.4204948976 1090511092312.8578
851380.126313855 892736767329.6769
321992.30916564295 337633407575.6732
1030122.3136695435 1080161535178.3552
559260.0718986375 586426689151.1857
729559.1089328162 764998172208.3367
266449.47973779985 279392529665.5432
740091.4784921147 776042162151.3477
161332.79818584537 169169700190.521
767098.6568651738 804361241221.0565
160302.1902827666 168089029477.94226
844395.250232447 885412593907.7384
41937.17336725257 43974313500.740234
949806.5158416927 995944317155.2188
280016.3415736954 293618415381.97925
468626.5958019624 491390601319.63855
64371.43168871733 67498338354.42847
577900.4847717036 605972578719.9739
954115.487453336 1000462601371.8693
969085.7159318484 1016160023668.9539
119319.7434365903 125115819293.76611
1001545.9570922316 1050197053503.9438
397527.492264541 416837787728.7833
439682.301294734 461040308762.427
394990.1913696871 414177234905.661
975278.522884778 1022653652412.429
1048057.1162394243 1098967538717.8706
963966.5544653906 1010792193815.1014
815476.5440938014 855089132699.7019
477680.3767915297 500884178774.55505
66341.19548937946 69563785401.47156
845941.2981764262 887033742676.6443
898311.0522694052 941947409944.4438
603180.2300966539 632480312953.829
241492.2143543996 253222940158.8789
336006.0004176091 352327827893.8949
480674.0511813279 504023273891.5121
758984.3817665968 795852807095.291
707.2198390663834 741573749.9688721
297478.8539726996 311929186783.27747
139343.04783000052 146111775721.39062
368924.45034398825 386845324443.8978
426713.7693616492 447441817422.16064
201344.57558764576 211125089691.39124
871795.0304398595 914143345838.5061
282007.846324014 295706659467.0493
323682.8382045202 339406055753.14294
109625.96818389976 114951159214.40088
378277.7454214962 396652965183.0908
901908.0953404199 945719182979.6761
30253.024605608545 31722595528.850586
966066.7165679059 1012994373391.9084
711500.6430634477 746062498300.8977
473725.5813364717 496737275175.47217
805387.3613291042 844509857793.0267
168649.89611977292 176842233473.687
10252.834114128491 10750875784.056396
393422.6739903593 412533573802.115
482461.8489171255 505897915690.1238
390891.6284436735 409879580186.95337
287960.2975280195 301948256940.7406
437487.3745814895 458738761289.1599
989591.3131623717 1037661700790.5471
79048.73317999463 82888604442.94604
677035.1917300104 709922853203.4874
608816.5196729165 638390390932.5481
692761.39590213 726412973469.4719
159029.5352240299 166754553927.0724
742765.7939987528 778846385208.0363
690211.921983307 723739656305.5681
167477.0602981589 175612425979.20227
1013521.9593054657 1062754802000.688
522797.5082234262 548192919982.8873
554610.6264092992 581551392197.7573
153197.38297809695 160639099053.641
534719.143635081 560693660756.2987
35955.039099834044 37701591079.14758
927589.4362601488 972648020715.9218
897858.9528944108 941473349390.2097
955985.4939925019 1002423445348.6816
133616.28276844847 140106827320.20862
1037349.6439690203 1087739940274.4595
432661.846136624 453678827974.55664
310230.68420351984 325300449919.39
195290.37407082552 204776799281.68994
837713.5251322896 878406297329.1157
42194.4188175 44244054905.97888
709449.0251228045 743911220967.1698
346875.63748958905 363725468456.2833
780393.8250254362 818302235469.8718
487610.16832714074 511296319863.7999
605344.3904635989 634749599574.7587
40273.32821430219 42229645405.64014
549522.8046395715 576216424397.7433
404173.1818276938 423806298308.1559
305224.9043725778 320051509327.3801
5909.6858454954345 6196754745.126221
386304.927446333 405070075601.96606
550322.3549858296 577054813701.6212
43836.082580417744 45965464127.84412
522524.87298920006 547907041219.52344
371659.48077732953 389713211715.5691
1040513.1303181781 1091057096136.5139
337025.98128771316 353397355354.7451
498708.52073639154 522933785839.6825
719087.418375518 754017808810.5272
681017.540019648 714098648043.6425
872370.3734606341 914746636721.8579
818781.2235300152 858554340244.2092
739845.1026652161 775783818372.2816
294787.08731712226 309106664870.6388
452626.9714428879 474613779207.69763
999614.4708307924 1048171743365.869
23219.682381150895 24347601672.49768
989869.8176799109 1037953733943.5303
664768.8107508828 697060620501.9177
425501.7880402858 446170962896.13074
693568.5619295232 727259348393.8118
605384.6547261984 634791819714.1782
807426.3084119261 846647848769.3439
233469.91194185242 244810946384.33984
775093.7964905143 812744752748.8375
150534.30787805654 157846662417.54102
597866.591208004 626908558742.524
597092.9808040186 626097369439.5546
407604.4945853399 427404290514.3174
312323.67274803575 327495107475.44434
531923.2818067225 557761987143.7659
44268.84184113727 46419245102.41235
725958.2770241675 761222426288.8934
279217.9438522939 292781234692.8629
957659.4297255833 1004178694183.9332
791181.6017660071 829614039253.3927
222282.5745620235 233080172903.94836
497582.7273745473 521753305939.4933
465790.2693401044 488416497463.56934
1014424.5019699073 1063701186577.5975
373235.9521548969 391366261766.7732
199177.07871521183 208852304490.88196
857448.1253522568 899099525489.368
67670.98383723339 70958169548.11084
481082.38993304863 504451448106.4364
31501.473267155 33031688832.580322
443128.9720112665 464654404955.6858
42251.75269239722 44304173831.183105
468104.9454048689 490843611232.85583
316713.9374970136 332098633724.8685
126877.09138440236 133040272975.49109
114979.4796256026 120564722827.89587
373436.4133110739 391576460524.07263
623862.4711843244 654167214584.5741
300877.7426125322 315493179837.6786
521986.31446983444 547342321681.5211
337734.81295481906 354140619228.91235
18370.90920587245 19263294491.45691
796125.5541394013 834798149057.2769
940531.7204558653 986218989308.7294
878078.2635269321 920731793256.0164
426535.8396806163 447255244628.9419
745637.5367496837 781857625734.8363
49506.96128667763 51911811438.13928
288520.12587170315 302535279506.047
710974.7323133227 745511040910.1747
83934.93984157615 88012163479.32056
827006.1242794691 867178773772.4686
203116.57290921907 212983163554.8573
885279.8019866607 928283153647.9647
654037.1376397541 685807645637.7428
809674.1331331752 849004863824.2523
225405.18909774558 236354471563.35767
205733.97414939536 215727707677.6764
646334.3241688036 677730660299.6274
661245.1429168925 693365786979.2235
713646.924693889 748313037707.8193
540521.9282168815 566778321401.9447
1044414.6073498587 1095148091316.4855
862810.4619623544 904722342962.6377
442419.92493313167 463910915206.6835
187711.08837141935 196829342200.1494
715289.9404256226 750035864571.7377
371887.5563212774 389952366257.1398
827881.8114508737 868096998323.9114
888833.3035703396 932009270124.5724
723176.1569833473 758305161984.9703
369731.8938688799 387691990345.4546
565543.8817345081 593015741333.6436
266958.3032000242 279926069736.26855
65511.919621497975 68694226629.03186
453124.82282572903 475135814219.31165
533875.8650143197 559809419033.2552
884887.9576927841 927872275125.6688
779896.5529495453 817780807905.6224
453423.7221256562 475449232851.6321
728091.2762566451 763459038092.0879
1016017.4770732673 1065371542039.5784
624727.6177896295 655074386551.3785
551717.0530088457 578517260575.8033
317233.3359472925 332643262474.2682
495694.70561210706 519773571631.9208
713151.6944686702 747793751179.1803
387941.95042596536 406786618609.85706
571644.7627151937 599412978708.8469
607969.1981656811 637501909935.7772
87831.7699207121 92098285976.38062
499940.08534560096 524225174931.3489
311766.04033633496 326910387511.71277
72118.60165728 75621834851.38403
265085.8509611635 277962661257.453
600232.1041116664 629388978800.9948
419396.62737512763 439769237946.50183
684868.5052550461 718136677766.3152
474078.77350957505 497107624011.5762
451848.02129706694 473796990779.59326
25168.069521963014 26390633667.06189
75004.70081173012 78648129158.36072
973583.1213850803 1020875895089.4819
307125.0411183515 322043947115.71655
320278.0487586658 335835875255.16675
408893.973972384 428756407652.0665
730917.7392391411 766422799340.4216
641335.6361514472 672489156013.1399
619828.6666708897 649937463983.0948
555890.8593313281 582893813714.2067
869423.1034708166 911656200145.015
152602.06556873198 160014863505.7987
197308.79738060338 206893269522.16357
79041.07762399188 82880577010.6549
949410.9220841996 995529507035.3617
242124.4358532941 253885872449.3037
631685.4457070124 662370197917.6763
66400.48928445484 69625959451.93652
240259.76770930737 251930626185.5547
197445.23368502536 207036333356.50916
977321.9017276455 1024796290425.9677
368448.3949879046 386346144222.83704
96920.85910490784 101628886756.78784
450113.2847719183 471977987692.999
596067.2998600333 625021865018.0343
1045225.0239209458 1095997874682.9297
1041251.180354827 1091830997691.743
405625.4862639152 425329149884.67114
955268.881379588 1001672022561.4829
443954.48631372687 465520019440.90247
137650.14836540667 144336641972.40466
413762.7607285512 433861700593.7013
283859.14869996544 297647890707.21497
536121.9405362523 562164599919.7413
548543.9587198081 575190030058.5815
25586.027684959117 26828894565.78369
683256.0710618633 716445917969.7644
298819.348438259 313334797107.99585
264674.05526144267 277530862169.8225
1006313.7290804302 1055196424784.2412
846009.3731495334 887105124459.6451
188007.6983861603 197140360342.96643
730631.9870746188 766123166478.7555
711904.6797581676 746486161482.1003
306267.43031046924 321144677005.2306
369767.6951183737 387729530676.44385
731509.9301766042 767043756544.8629
714134.1132047891 748823891887.825
874378.4896948615 916852299210.279
40980.19897448784 42970853119.87256
527151.4902261609 552758401015.3868
22265.013147836202 23346558426.505493
415920.6994230376 436124463318.21106
433352.9850397629 454403539641.05444
505318.5602872274 529864914671.73975
870097.8456907028 912363718642.9744
803813.8029266899 842859862217.6567
861629.2380264207 903483739892.7921
795751.9529951585 834406399863.8513
555870.8086141592 582872789013.4006
17067.52306876285 17896595069.351074
372427.6421666193 390518687312.505
301149.7403280984 315778390114.2761
728840.7150389828 764244881612.7164
576750.1844798189 604766401441.1106
603638.017265196 632960337591.8701
943664.9173652044 989504384391.1366
611115.7723243131 640801332080.7389
529339.1929688421 555052373606.4966
73943.54922476434 77535431071.9065
640295.533136686 671398528954.3336
641592.0235136399 672757997647.8385
638717.0924173248 669743413898.5887
514659.55156285595 539659653939.57324
477525.5721637439 500721854357.1699
382416.9436138285 400993229066.81384
429169.70551570633 450017053130.8373
652649.1562957766 684352241712.0002
92994.93559934606 97512257591.0199
429236.7666639723 450087371841.4414
461257.51110081153 483663555960.04456
1042390.8157945903 1093025992062.6283
101437.56560982077 106364996796.88342
624661.2561370138 655004801315.1254
449394.87532140664 471224680785.0193
551569.9984924565 578363062739.2261
660717.7249879123 692812749196.9252
334655.3101496345 350911526495.46313
580647.0822734558 608852594941.9712
450969.8339293712 472876144582.32434
492025.6509566307 515926288977.5
498139.88045345934 522337523286.3666
609809.0254880248 639431108710.1311
327499.0538639864 343407647904.4834
538113.8263570133 564253243586.1316
866347.6359183294 908431338680.6981
327812.85092309467 343736687969.5349
372656.1863964058 390758333306.7976
808203.0015557689 847462270559.3419
674493.2487436142 707257432794.584
517637.05933873635 542781797133.1748
874779.0442301446 917272311082.6681
708478.9634691209 742894037598.5969
108908.24036901863 114198567053.18408
3481.8197636903496 3650952640.531372
631785.8256929265 662475453961.7861
351737.8626437152 368823881059.49634
104902.11850786139 109997843816.49927
1044244.0251565564 1094969222922.5613
230098.28164991853 241275535779.34497
868264.5361455217 910441354253.3265
216525.90548931586 227043867874.36487
374365.1068686445 392550266299.89575
665291.5248007883 697608725909.5114
511225.67780351697 536058976328.5006
247247.82023462304 259258130350.3401
8774.820248971344 9201065917.385376
74291.28983017267 77900063524.96313
269971.2145868422 283085336306.6127
1009347.4293957229 1058377490126.0496
882084.0321321661 924932146077.0182
323532.967520445 339248904950.71814
115140.3318005997 120733388558.14563
838257.5694391492 878976769132.2253
576492.4434889684 604496140423.8885
648839.5017798736 680357529418.3328
140360.24109679728 147178380168.3153
907720.1122482459 951813524420.8167
802957.4608194933 841961922436.261
431962.9211078719 452945951963.6079
868359.8806699341 910541330233.3568
201204.03810174135 210977725456.57153
848996.3005779412 890237144874.8153
665695.1126571492 698031918449.5829
665370.2679481923 697691294084.0437
874583.9777288389 917067769030.995
764710.9954436416 801857596758.3119
60383.75134569011 63316952451.05835
784706.949121762 822824873882.3007
595119.249049869 624027761691.7155
96545.9096479523 101235723755.01123
983880.2903464028 1031673259330.2697
311855.0227487134 327003692333.7549
264289.7252277902 277127862920.4553
597032.5142377258 626033965649.3375
581789.0567042141 610050041922.678
250992.91622306302 263185148121.51453
880300.7024347561 923062189356.2268
188421.4451701605 197574205290.74622
41089.022975412314 43084963355.46594
129734.70013859996 136036692932.5326
119335.5131473724 125132355034.01917
734589.5190636658 770272939541.7024
704306.8158945211 738519223783.4133
894743.0245768686 938206061738.7146
362398.1589148856 380002011882.3351
66246.0479389861 69464015963.67029
748517.7945052563 784877794891.1437
721094.7506669027 756122649275.2982
250308.60212255176 262467592779.25684
906241.9905053222 950263601436.1088
7224.957228622283 7575916750.959839
978809.1715285573 1026355805844.7285
529306.4963051763 555018088669.6965
119894.23995785322 125718222558.0459
169202.70734218415 177421898054.0381
620527.2698835266 650670002545.3888
760011.5833223748 796929905993.8425
455790.9634899979 477931465332.48804
206308.75338343775 216330407387.79163
58827.744605535176 61685361127.49365
644755.4186023327 676075057816.3596
564491.589221665 591912332659.6967
110590.10668532678 115962131707.67322
369103.36333068286 387032928307.8341
480141.01847018965 503464348583.3976
767987.3522480661 805293105870.8682
272647.55985684064 285891687724.44653
955944.8593434232 1002380836830.8893
545934.2902901672 572453594375.3024
321627.86840588774 337251263741.57214
722330.3071252486 757418224124.1647
487244.6825448852 510913080244.18555
403907.48730993515 423527697413.50256
441485.4403691548 462931037120.52686
1018089.732493047 1067544459338.6293
654116.6146554293 685890983328.9314
481728.4610921268 505128902818.13794
712168.48928971 746762785825.4469
684451.3820062638 717699292338.6001
351303.9514353222 368368892180.2444
931241.0438459823 976477008791.8447
589274.448422133 617899044028.6865
200937.6725125753 210698420892.54614
278043.65307344845 291549901565.1443
855197.9050563669 896739998492.385
903082.8947948691 946951049492.4247
1037515.6265104437 1087913985583.8151
818883.6068523537 858661696938.8136
559534.2811017926 586714218340.5933
777622.0493305852 815395817998.8677
271617.0388601532 284811108139.824
348897.4908704137 365845535386.93494
707629.0456248111 742002834145.0819
96678.6510666624 101374913220.87659
794112.0465835612 832686833358.4043
757764.3824573254 794573545099.5724
845120.5616518608 886173138054.6616
257146.04338446306 269637169587.90674
849071.6612864335 890316166305.0833
28865.390995787457 30267556228.79883
241924.26803146722 253675981275.36377
542169.1454922633 568505553903.6954
84763.33266038657 88880796307.69751
406365.369483373 426104973671.39734
111251.21684108092 116655355950.35327
672830.233239491 705513634649.3325
781106.5426635742 819049574080.0
881917.800772186 924757839862.4957
155332.58151143044 162878016990.9297
30049.981044185464 31509688923.387817
276643.9673437142 290082224701.40247
181412.03753272246 190224308667.912
919654.7789961201 964327929540.6356
1019152.4881744507 1068658839440.0128
6906.4016414217185 7241887007.55542
373462.2415935047 391603543441.15076
301030.735445644 315653604450.6516
807317.964773725 846534242230.5735
866535.955465393 908628806038.08
793039.378402855 831562059248.1521
254587.162598863 266953988609.26538
989672.7544592649 1037747098179.8782
905854.0246535789 949856789755.1511
26208.280792996287 27481374240.796875
260374.28464228695 273022225893.07068
888491.9626381123 931651348215.2212
227144.95169817458 238178744871.8651
340818.335279678 357373926734.22363
980717.5237576237 1028356858191.6741
409796.6223707625 429702903099.0447
902145.0978831374 945967698157.9087
637090.1210144323 668037410732.8293
693155.1189541746 726825822012.4926
347149.16122237605 364012278877.9142
632903.2224734601 663647129408.3309
326367.32250943326 342220941567.6515
1018745.4189081456 1068231996377.0277
631027.5813828981 661680377176.1538
108988.97000499733 114283218211.96008
729147.6098641126 764566684160.8717
661842.9486559485 693992631729.8599
851823.34257605 893201513265.0242
45706.84826024575 47927104121.33545
798909.2689493856 837717085597.871
172250.58190095122 180617826167.37183
941117.8190326693 986833558210.0002
731738.941983089 767283892828.8595
252090.31053788762 264335849462.57605
16080.451547549455 16861575561.923218
632600.8775254505 663330097752.1268
977131.6930393084 1024596842160.3859
806404.3839384031 845576283292.595
65549.96626690845 68734121428.2898
358621.82572890294 376042239535.51013
594982.1474171184 623884000210.0524
332170.9057605186 348306439678.7416
477803.3078985362 501013081383.0155
9797.852495699306 10273792978.530396
787233.9438168708 825474619871.7191
957171.9650942171 1003667550470.6338
232600.6297836817 243899437976.05383
605302.1586614919 634705316320.6326
270878.6809799565 284036883787.2389
962644.271705482 1009405679847.8475
312129.5044108954 327291507217.15906
470768.9008384595 493636970965.5885
191472.4964950066 200773464484.74805
478153.7040833478 501380498412.9005
91014.34277914045 95435455493.97998
497782.7063173462 521962999059.4176
929510.0805273616 974661962199.0587
664634.7604657771 696920058590.1627
1044599.5305516992 1095341997347.7786
122032.10742699984 127959939077.37378
271475.1434332236 284662320000.63586
416153.44318457216 436368512840.70593
678370.9781956676 711323526832.5004
965969.6810739639 1012892624301.8127
1045333.8916713438 1096112030793.171
796855.5842888409 835563641151.2556
547670.9862809075 574274652110.4889
993060.8792445422 1041299804514.7251
79750.9983336901 83624982828.74744
630155.9993484658 660766457172.8169
826099.9349723121 866228565413.5271
531251.6410619046 557057720778.1277
599392.8402881318 628508946897.9681
764881.2228396626 802036093120.322
660461.1623669269 692543723790.0627
982705.352497809 1030441247700.7426
180711.2197027217 189489447911.0011
389850.24165728793 408787606996.03235
925678.6278884071 970644392916.7144
335584.853470198 351886223312.36633
226278.91997240426 237270644788.98376
138236.32140429993 144951288952.8352
509434.8495785226 534181156831.6489
429839.51485470124 450719399128.2832
361729.41159958125 379300779497.4425
1015221.1128302951 1064536493607.1395
774555.4655017338 812180271793.946
344873.8881222318 361626482111.65735
673300.2191142892 706006450557.9849
126329.05452339177 132465614675.92004
160175.76145587466 167956459244.35522
574342.880515846 602242160279.7837
696946.7740624767 730801660559.3356
367066.1369356029 384896741603.3867
499849.2284142423 524129904533.6925
726068.2436184919 761337734620.5038
671927.8368851829 704567403489.7175
569604.2637244662 597273360439.1459
181960.941876268 190799876588.8496
545850.9837473708 572366241133.883
247053.68579886726 259054565640.23303
236758.87441758625 248259673501.29492
631814.0372406278 662505035913.6285
733995.2957026643 769649851186.7169
742278.5789915465 778335503244.6399
421868.4287563709 442361109551.6404
56953.81909504859 59720407811.40967
724457.8258479297 759649089196.3187
1042720.6725080512 1093371871895.8022
962464.7425197056 1009217429852.3428
538156.8757744835 564298384172.1049
373782.6228007453 391939487485.9143
126395.37560416036 132535157369.50806
674198.7784971445 706948658361.4218
996304.2735919744 1044700749985.9781
868891.2681511806 911098530392.8923
724833.7226572112 760043245569.0079
492136.687755796 516042719500.22156
925359.9924888923 970310279484.0327
734568.9597767114 770251381566.825
180407.589075119 189171068122.03198
109104.32252660498 114404174097.65735
957800.1595554745 1004326260106.0413
610428.8697364483 640081062512.766
288688.32649784 302711650645.7991
843654.0346552411 884635373042.654
427269.2298278557 448024259935.97363
719978.7286484238 754952415371.2496
292359.0074696152 306560638616.4592
522607.078982931 547993240451.60583
499173.7458312372 523421609708.73535
812626.585771459 852100734801.8934
138060.94460141798 144767393046.37646
670897.3279107654 703486836511.3588
739973.7355283627 775918699705.3884
159713.30740745564 167471541028.0802
527772.4226112891 553409495812.055
479453.6408423565 502743580899.9148
733973.6955534605 769627201788.6654
139511.84565035778 146288773064.66956
523132.9853272034 548544693222.45764
398458.80187607545 417814336636.0077
101997.91223497514 106952562819.7013
270309.6408176194 283440201929.9761
283233.04550616734 296991373924.6749
309692.4980534117 324736120838.85425
366029.54728982423 383809798578.97473
79212.67532045429 83060510236.82068
133216.23238407937 139687344088.3684
429932.8570884996 450817275554.43054
677293.1012896539 710193290977.9001
971959.92733371 1019173852763.8723
690973.9164095635 724538665373.0745
94600.56282440142 99195879764.15955
994337.6463699637 1042638591880.031
13669.894213026506 14333922994.318481
940298.778124511 985974731570.6873
387495.98938836425 406318994568.89343
652726.3591180834 684433194738.6034
17116.838235082803 17948305769.190186
410545.0830185263 430487720971.23425
801547.6581930874 840483637237.4749
924595.2471232915 969508385847.5525
1001094.5988417803 1049723770075.1187
845278.763164293 886339024363.7617
67302.29143223877 70571567540.8512
279570.1438406005 293150543147.8015
946642.2813742156 992626376834.2495
619338.2814488831 649423257808.5441
1025657.3074744866 1075479636842.3673
494555.7895028228 518579331533.7119
670000.5390210813 702546485204.5693
578462.6068657062 606562006456.8147
516037.13911842403 541104159188.2406
115438.6758014313 121046224917.16162
538029.6609635961 564164989774.5637
565718.910920648 593199272737.5294
569812.7010776704 597491922845.2194
25247.4887390699 26473910752.05896
718497.1911748186 753398910733.3265
135074.72406096186 141636113856.94714
402553.43706237397 422107872821.11584
217484.06677849835 228048572806.3307
310034.30038557167 325094526561.1012
217640.31477344618 228212410703.8811
742237.009072772 778291914025.491
725010.9642825891 760229096883.5802
550924.3240385745 577686024003.0723
1012905.3745777596 1062108266053.2489
34033.49421823141 35686705233.37622
288631.0055408346 302651545265.9862
35984.65177806036 37732642222.83142
101242.11410136695 106160051035.95496
314114.4937471242 329372919395.3845
485695.72149042867 509288876857.5477
28916.84252517554 30321507067.678467
457890.69873233663 480133197313.9586
759725.5989246359 796630029617.999
233709.57793797844 245062254395.89368
959133.9089490535 1005724797710.1627
518708.5323556338 543905318023.34106
860338.2909899169 902130083813.0431
840622.1157695277 881456175665.1483
536077.1015514153 562117582836.3768
437006.53804294264 458234567634.9166
595977.744110057 624927959007.9471
513144.93351170304 538071461801.9675
965394.4657573728 1012289467326.0029
517344.2794458623 542474795164.2245
1030386.6710728547 1080438734006.8896
73130.49399050546 76682880866.58826
776351.5036027308 814063554241.737
368772.51850600983 386686012364.95776
204053.15750667918 213965243685.72363
589890.3986017826 618544914604.2628
475722.1879049556 498830868904.6267
885905.1582076594 928938887172.7546
49008.043427975965 51388658145.533325
196904.07779193798 206468890274.75916
758631.9921606529 795483299811.8488
278845.86027479183 292391076783.5001
429926.1184589496 450810209589.21155
932149.4296166075 977429520309.6638
1037770.7935489053 1088181547616.3369
